Supplemental results for CODEML (seqf: seq.phy  treef: tree_fixed.nwk)


MLEs of dN/dS (w) for site classes (K=3)

p:   0.44332  0.55312  0.00356
w:   0.01137  0.01241  3.03105

Naive Empirical Bayes (NEB) probabilities for 3 classes & postmean_w & P(w>1)
(amino acids refer to 1st sequence: F58V)

   1 M   0.44508 0.55474 0.00018 ( 2)  0.012  0.000
   2 A   0.44506 0.55473 0.00021 ( 2)  0.013  0.000
   3 T   0.44506 0.55473 0.00021 ( 2)  0.013  0.000
   4 F   0.44455 0.55442 0.00103 ( 2)  0.015  0.001
   5 P   0.44478 0.55461 0.00061 ( 2)  0.014  0.001
   6 T   0.44501 0.55472 0.00027 ( 2)  0.013  0.000
   7 Y   0.44499 0.55471 0.00030 ( 2)  0.013  0.000
   8 P   0.44478 0.55461 0.00061 ( 2)  0.014  0.001
   9 A   0.44506 0.55473 0.00021 ( 2)  0.013  0.000
  10 T   0.44469 0.55453 0.00078 ( 2)  0.014  0.001
  11 S   0.44503 0.55472 0.00025 ( 2)  0.013  0.000
  12 L   0.44462 0.55448 0.00090 ( 2)  0.015  0.001
  13 E   0.44506 0.55473 0.00021 ( 2)  0.013  0.000
  14 Q   0.44414 0.55403 0.00183 ( 2)  0.017  0.002
  15 G   0.44474 0.55457 0.00069 ( 2)  0.014  0.001
  16 V   0.44506 0.55473 0.00021 ( 2)  0.013  0.000
  17 D   0.44500 0.55471 0.00029 ( 2)  0.013  0.000
  18 L   0.44405 0.55393 0.00202 ( 2)  0.018  0.002
  19 V   0.44527 0.55468 0.00006 ( 2)  0.012  0.000
  20 I   0.44527 0.55468 0.00005 ( 2)  0.012  0.000
  21 F   0.44455 0.55442 0.00103 ( 2)  0.015  0.001
  22 S   0.44468 0.55453 0.00079 ( 2)  0.014  0.001
  23 S   0.44497 0.55471 0.00032 ( 2)  0.013  0.000
  24 N   0.44493 0.55469 0.00038 ( 2)  0.013  0.000
  25 Q   0.44447 0.55435 0.00119 ( 2)  0.016  0.001
  26 L   0.44462 0.55448 0.00090 ( 2)  0.015  0.001
  27 H   0.44502 0.55472 0.00026 ( 2)  0.013  0.000
  28 D   0.44525 0.55469 0.00006 ( 2)  0.012  0.000
  29 V   0.44527 0.55468 0.00006 ( 2)  0.012  0.000
  30 I   0.44527 0.55468 0.00005 ( 2)  0.012  0.000
  31 N   0.44525 0.55469 0.00006 ( 2)  0.012  0.000
  32 G   0.44501 0.55472 0.00028 ( 2)  0.013  0.000
  33 S   0.44523 0.55470 0.00007 ( 2)  0.012  0.000
  34 A   0.44521 0.55470 0.00009 ( 2)  0.012  0.000
  35 T   0.44506 0.55473 0.00021 ( 2)  0.013  0.000
  36 E   0.44483 0.55463 0.00054 ( 2)  0.014  0.001
  37 S   0.44523 0.55470 0.00007 ( 2)  0.012  0.000
  38 I   0.44527 0.55468 0.00005 ( 2)  0.012  0.000
  39 E   0.44502 0.55472 0.00026 ( 2)  0.013  0.000
  40 T   0.44506 0.55473 0.00021 ( 2)  0.013  0.000
  41 E   0.44506 0.55473 0.00021 ( 2)  0.013  0.000
  42 S   0.44473 0.55457 0.00070 ( 2)  0.014  0.001
  43 G   0.44470 0.55455 0.00075 ( 2)  0.014  0.001
  44 L   0.44421 0.55409 0.00170 ( 2)  0.017  0.002
  45 I   0.44516 0.55473 0.00012 ( 2)  0.012  0.000
  46 P   0.44478 0.55461 0.00061 ( 2)  0.014  0.001
  47 T   0.44479 0.55461 0.00061 ( 2)  0.014  0.001
  48 L   0.44405 0.55393 0.00202 ( 2)  0.018  0.002
  49 R   0.44502 0.55472 0.00025 ( 2)  0.013  0.000
  50 K   0.44506 0.55473 0.00021 ( 2)  0.013  0.000
  51 A   0.36523 0.49732 0.13746 ( 2)  0.427  0.137
  52 L   0.44503 0.55473 0.00025 ( 2)  0.013  0.000
  53 V   0.44527 0.55468 0.00006 ( 2)  0.012  0.000
  54 D   0.44494 0.55469 0.00037 ( 2)  0.013  0.000
  55 N   0.44481 0.55463 0.00056 ( 2)  0.014  0.001
  56 F   0.44505 0.55473 0.00022 ( 2)  0.013  0.000
  57 F   0.44455 0.55442 0.00103 ( 2)  0.015  0.001
  58 F   0.44505 0.55473 0.00022 ( 2)  0.013  0.000
  59 K   0.44506 0.55473 0.00021 ( 2)  0.013  0.000
  60 S   0.44480 0.55462 0.00058 ( 2)  0.014  0.001
  61 P   0.44478 0.55461 0.00061 ( 2)  0.014  0.001
  62 L   0.44435 0.55423 0.00142 ( 2)  0.016  0.001
  63 D   0.44525 0.55469 0.00006 ( 2)  0.012  0.000
  64 W   0.44407 0.55395 0.00197 ( 2)  0.018  0.002
  65 A   0.44470 0.55454 0.00076 ( 2)  0.014  0.001
  66 Q   0.44447 0.55435 0.00119 ( 2)  0.016  0.001
  67 G   0.44474 0.55457 0.00069 ( 2)  0.014  0.001
  68 T   0.44506 0.55473 0.00021 ( 2)  0.013  0.000
  69 N   0.44493 0.55469 0.00038 ( 2)  0.013  0.000
  70 E   0.44506 0.55473 0.00021 ( 2)  0.013  0.000
  71 T   0.44501 0.55472 0.00027 ( 2)  0.013  0.000
  72 V   0.44527 0.55468 0.00006 ( 2)  0.012  0.000
  73 F   0.44505 0.55473 0.00022 ( 2)  0.013  0.000
  74 N   0.44481 0.55463 0.00056 ( 2)  0.014  0.001
  75 Q   0.44447 0.55435 0.00119 ( 2)  0.016  0.001
  76 L   0.44498 0.55471 0.00031 ( 2)  0.013  0.000
  77 R   0.44496 0.55470 0.00034 ( 2)  0.013  0.000
  78 Y   0.44499 0.55471 0.00030 ( 2)  0.013  0.000
  79 F   0.44467 0.55452 0.00082 ( 2)  0.014  0.001
  80 Q   0.44414 0.55403 0.00183 ( 2)  0.017  0.002
  81 N   0.44524 0.55469 0.00007 ( 2)  0.012  0.000
  82 G   0.44488 0.55466 0.00045 ( 2)  0.013  0.000
  83 V   0.44495 0.55470 0.00035 ( 2)  0.013  0.000
  84 L   0.44421 0.55409 0.00170 ( 2)  0.017  0.002
  85 S   0.44501 0.55472 0.00027 ( 2)  0.013  0.000
  86 G   0.44522 0.55470 0.00007 ( 2)  0.012  0.000
  87 Y   0.44499 0.55471 0.00030 ( 2)  0.013  0.000
  88 Y   0.44455 0.55442 0.00103 ( 2)  0.015  0.001
  89 Y   0.44499 0.55471 0.00030 ( 2)  0.013  0.000
  90 A   0.44512 0.55472 0.00015 ( 2)  0.012  0.000
  91 P   0.44503 0.55472 0.00025 ( 2)  0.013  0.000
  92 N   0.44505 0.55472 0.00023 ( 2)  0.013  0.000
  93 A   0.44527 0.55468 0.00005 ( 2)  0.012  0.000
  94 T   0.44506 0.55473 0.00021 ( 2)  0.013  0.000
  95 L   0.44415 0.55403 0.00182 ( 2)  0.017  0.002
  96 G   0.41156 0.56004 0.02841 ( 2)  0.098  0.028
  97 N   0.44481 0.55463 0.00056 ( 2)  0.014  0.001
  98 P   0.44482 0.55463 0.00054 ( 2)  0.014  0.001
  99 I   0.44510 0.55473 0.00017 ( 2)  0.012  0.000
 100 P   0.44503 0.55472 0.00025 ( 2)  0.013  0.000
 101 M   0.44508 0.55474 0.00018 ( 2)  0.012  0.000
 102 Q   0.44447 0.55435 0.00119 ( 2)  0.016  0.001
 103 G   0.44469 0.55453 0.00078 ( 2)  0.014  0.001
 104 T   0.44526 0.55468 0.00005 ( 2)  0.012  0.000
 105 P   0.44478 0.55461 0.00061 ( 2)  0.014  0.001
 106 V   0.44506 0.55473 0.00021 ( 2)  0.013  0.000
 107 G   0.44501 0.55472 0.00028 ( 2)  0.013  0.000
 108 D   0.44525 0.55469 0.00006 ( 2)  0.012  0.000
 109 N   0.44481 0.55463 0.00056 ( 2)  0.014  0.001
 110 N   0.44481 0.55463 0.00056 ( 2)  0.014  0.001
 111 W   0.44407 0.55395 0.00197 ( 2)  0.018  0.002
 112 V   0.44506 0.55473 0.00021 ( 2)  0.013  0.000
 113 L   0.44421 0.55409 0.00170 ( 2)  0.017  0.002
 114 W   0.44407 0.55395 0.00197 ( 2)  0.018  0.002
 115 G   0.44501 0.55472 0.00028 ( 2)  0.013  0.000
 116 L   0.44405 0.55393 0.00202 ( 2)  0.018  0.002
 117 K   0.44476 0.55459 0.00065 ( 2)  0.014  0.001
 118 T   0.44506 0.55473 0.00021 ( 2)  0.013  0.000
 119 E   0.44506 0.55473 0.00021 ( 2)  0.013  0.000
 120 Q   0.44447 0.55435 0.00119 ( 2)  0.016  0.001
 121 L   0.44438 0.55425 0.00137 ( 2)  0.016  0.001
 122 A   0.44506 0.55473 0.00021 ( 2)  0.013  0.000
 123 T   0.44506 0.55473 0.00021 ( 2)  0.013  0.000
 124 E   0.44506 0.55473 0.00021 ( 2)  0.013  0.000
 125 V   0.44479 0.55461 0.00060 ( 2)  0.014  0.001
 126 T   0.44480 0.55462 0.00058 ( 2)  0.014  0.001
 127 P   0.44502 0.55472 0.00026 ( 2)  0.013  0.000
 128 W   0.44407 0.55395 0.00197 ( 2)  0.018  0.002
 129 V   0.44506 0.55473 0.00021 ( 2)  0.013  0.000
 130 Y   0.44498 0.55471 0.00031 ( 2)  0.013  0.000
 131 S   0.44503 0.55472 0.00025 ( 2)  0.013  0.000
 132 G   0.44522 0.55470 0.00007 ( 2)  0.012  0.000
 133 A   0.44506 0.55473 0.00021 ( 2)  0.013  0.000
 134 T   0.44526 0.55468 0.00005 ( 2)  0.012  0.000
 135 G   0.44522 0.55470 0.00007 ( 2)  0.012  0.000
 136 Y   0.44499 0.55471 0.00030 ( 2)  0.013  0.000
 137 E   0.44506 0.55473 0.00021 ( 2)  0.013  0.000
 138 T   0.44506 0.55473 0.00021 ( 2)  0.013  0.000
 139 V   0.44506 0.55473 0.00021 ( 2)  0.013  0.000
 140 I   0.44498 0.55471 0.00030 ( 2)  0.013  0.000
 141 S   0.44523 0.55470 0.00007 ( 2)  0.012  0.000
 142 P   0.44501 0.55472 0.00027 ( 2)  0.013  0.000
 143 P   0.44470 0.55455 0.00075 ( 2)  0.014  0.001
 144 Y   0.44442 0.55430 0.00128 ( 2)  0.016  0.001
 145 I   0.44481 0.55462 0.00056 ( 2)  0.014  0.001
 146 F   0.44505 0.55473 0.00022 ( 2)  0.013  0.000
 147 D   0.44525 0.55469 0.00006 ( 2)  0.012  0.000
 148 S   0.44523 0.55470 0.00007 ( 2)  0.012  0.000
 149 A   0.44527 0.55468 0.00005 ( 2)  0.012  0.000
 150 I   0.44527 0.55468 0.00005 ( 2)  0.012  0.000
 151 V   0.44527 0.55468 0.00006 ( 2)  0.012  0.000
 152 T   0.44488 0.55466 0.00046 ( 2)  0.013  0.000
 153 I   0.44481 0.55462 0.00056 ( 2)  0.014  0.001
 154 N   0.44525 0.55469 0.00006 ( 2)  0.012  0.000
 155 G   0.44522 0.55470 0.00007 ( 2)  0.012  0.000
 156 V   0.44527 0.55468 0.00006 ( 2)  0.012  0.000
 157 I   0.44527 0.55468 0.00005 ( 2)  0.012  0.000
 158 Q   0.44414 0.55403 0.00183 ( 2)  0.017  0.002
 159 V   0.44527 0.55468 0.00006 ( 2)  0.012  0.000
 160 L   0.44406 0.55394 0.00200 ( 2)  0.018  0.002
 161 G   0.44494 0.55469 0.00037 ( 2)  0.013  0.000
 162 E   0.44506 0.55473 0.00021 ( 2)  0.013  0.000
 163 A   0.44527 0.55468 0.00005 ( 2)  0.012  0.000
 164 F   0.44455 0.55442 0.00103 ( 2)  0.015  0.001
 165 R   0.44459 0.55445 0.00096 ( 2)  0.015  0.001
 166 I   0.44516 0.55473 0.00012 ( 2)  0.012  0.000
 167 E   0.44506 0.55473 0.00021 ( 2)  0.013  0.000
 168 D   0.44524 0.55469 0.00007 ( 2)  0.012  0.000
 169 S   0.44523 0.55470 0.00007 ( 2)  0.012  0.000
 170 K   0.44500 0.55471 0.00029 ( 2)  0.013  0.000
 171 I   0.44481 0.55462 0.00056 ( 2)  0.014  0.001
 172 I   0.44511 0.55472 0.00017 ( 2)  0.012  0.000
 173 L   0.44451 0.55438 0.00111 ( 2)  0.015  0.001
 174 S   0.44503 0.55472 0.00025 ( 2)  0.013  0.000
 175 E   0.44506 0.55473 0.00021 ( 2)  0.013  0.000
 176 P   0.44503 0.55472 0.00025 ( 2)  0.013  0.000
 177 L   0.44421 0.55409 0.00170 ( 2)  0.017  0.002
 178 G   0.44499 0.55471 0.00030 ( 2)  0.013  0.000
 179 H   0.44483 0.55463 0.00054 ( 2)  0.014  0.001
 180 D   0.44525 0.55469 0.00006 ( 2)  0.012  0.000
 181 P   0.44503 0.55472 0.00025 ( 2)  0.013  0.000
 182 A   0.44506 0.55473 0.00021 ( 2)  0.013  0.000
 183 T   0.44506 0.55473 0.00021 ( 2)  0.013  0.000
 184 G   0.44501 0.55472 0.00028 ( 2)  0.013  0.000
 185 L   0.44409 0.55396 0.00195 ( 2)  0.018  0.002
 186 P   0.44478 0.55461 0.00061 ( 2)  0.014  0.001
 187 N   0.44481 0.55463 0.00056 ( 2)  0.014  0.001
 188 K   0.44476 0.55459 0.00065 ( 2)  0.014  0.001
 189 L   0.44503 0.55473 0.00025 ( 2)  0.013  0.000
 190 F   0.44505 0.55473 0.00022 ( 2)  0.013  0.000
 191 A   0.44507 0.55472 0.00020 ( 2)  0.013  0.000
 192 Y   0.44496 0.55470 0.00033 ( 2)  0.013  0.000
 193 I   0.44527 0.55468 0.00005 ( 2)  0.012  0.000
 194 G   0.44522 0.55470 0.00007 ( 2)  0.012  0.000
 195 K   0.44506 0.55473 0.00021 ( 2)  0.013  0.000
 196 I   0.44487 0.55466 0.00047 ( 2)  0.013  0.000
 197 V   0.44506 0.55473 0.00021 ( 2)  0.013  0.000
 198 A   0.44527 0.55468 0.00005 ( 2)  0.012  0.000
 199 S   0.44455 0.55442 0.00104 ( 2)  0.015  0.001
 200 A   0.44506 0.55473 0.00021 ( 2)  0.013  0.000
 201 D   0.44525 0.55469 0.00006 ( 2)  0.012  0.000
 202 T   0.44506 0.55473 0.00021 ( 2)  0.013  0.000
 203 D   0.44525 0.55469 0.00006 ( 2)  0.012  0.000
 204 P   0.44503 0.55472 0.00025 ( 2)  0.013  0.000
 205 N   0.44497 0.55471 0.00032 ( 2)  0.013  0.000
 206 L   0.44449 0.55436 0.00115 ( 2)  0.015  0.001
 207 E   0.44495 0.55470 0.00035 ( 2)  0.013  0.000
 208 N   0.44481 0.55463 0.00056 ( 2)  0.014  0.001
 209 R   0.44496 0.55470 0.00034 ( 2)  0.013  0.000
 210 L   0.44503 0.55473 0.00025 ( 2)  0.013  0.000
 211 V   0.44497 0.55470 0.00032 ( 2)  0.013  0.000
 212 S   0.44523 0.55470 0.00007 ( 2)  0.012  0.000
 213 L   0.44451 0.55438 0.00111 ( 2)  0.015  0.001
 214 E   0.44506 0.55473 0.00021 ( 2)  0.013  0.000
 215 T   0.44506 0.55473 0.00021 ( 2)  0.013  0.000
 216 K   0.44506 0.55473 0.00021 ( 2)  0.013  0.000
 217 T   0.44518 0.55471 0.00011 ( 2)  0.012  0.000
 218 E   0.44506 0.55473 0.00021 ( 2)  0.013  0.000
 219 E   0.44506 0.55473 0.00021 ( 2)  0.013  0.000
 220 L   0.44417 0.55405 0.00178 ( 2)  0.017  0.002
 221 T   0.44506 0.55473 0.00021 ( 2)  0.013  0.000
 222 E   0.44506 0.55473 0.00021 ( 2)  0.013  0.000
 223 S   0.36349 0.49496 0.14155 ( 2)  0.439  0.142
 224 M   0.44508 0.55474 0.00018 ( 2)  0.012  0.000
 225 D   0.44525 0.55469 0.00006 ( 2)  0.012  0.000
 226 K   0.44506 0.55473 0.00021 ( 2)  0.013  0.000
 227 V   0.44502 0.55471 0.00026 ( 2)  0.013  0.000
 228 P   0.44500 0.55472 0.00028 ( 2)  0.013  0.000
 229 L   0.44433 0.55421 0.00147 ( 2)  0.016  0.001
 230 Q   0.44447 0.55435 0.00119 ( 2)  0.016  0.001
 231 T   0.44524 0.55470 0.00007 ( 2)  0.012  0.000
 232 I   0.44527 0.55468 0.00005 ( 2)  0.012  0.000
 233 A   0.44527 0.55468 0.00005 ( 2)  0.012  0.000
 234 R   0.44496 0.55470 0.00034 ( 2)  0.013  0.000
 235 K   0.44500 0.55472 0.00028 ( 2)  0.013  0.000
 236 Y   0.44476 0.55458 0.00066 ( 2)  0.014  0.001
 237 G   0.44522 0.55470 0.00007 ( 2)  0.012  0.000
 238 L   0.44421 0.55409 0.00170 ( 2)  0.017  0.002
 239 L   0.44436 0.55424 0.00141 ( 2)  0.016  0.001
 240 D   0.44525 0.55469 0.00006 ( 2)  0.012  0.000
 241 D   0.44524 0.55469 0.00007 ( 2)  0.012  0.000
 242 E   0.44495 0.55470 0.00035 ( 2)  0.013  0.000
 243 V   0.44499 0.55471 0.00030 ( 2)  0.013  0.000
 244 A   0.44527 0.55468 0.00005 ( 2)  0.012  0.000
 245 Y   0.44449 0.55436 0.00115 ( 2)  0.015  0.001
 246 A   0.44508 0.55473 0.00019 ( 2)  0.013  0.000
 247 T   0.44506 0.55473 0.00021 ( 2)  0.013  0.000
 248 A   0.44490 0.55467 0.00043 ( 2)  0.013  0.000
 249 G   0.44521 0.55471 0.00008 ( 2)  0.012  0.000
 250 Q   0.44445 0.55432 0.00123 ( 2)  0.016  0.001
 251 S   0.44460 0.55446 0.00095 ( 2)  0.015  0.001
 252 L   0.44451 0.55438 0.00111 ( 2)  0.015  0.001
 253 T   0.44506 0.55473 0.00021 ( 2)  0.013  0.000
 254 G   0.44471 0.55455 0.00074 ( 2)  0.014  0.001
 255 I   0.44527 0.55468 0.00005 ( 2)  0.012  0.000
 256 K   0.44506 0.55473 0.00021 ( 2)  0.013  0.000
 257 A   0.44524 0.55469 0.00006 ( 2)  0.012  0.000
 258 L   0.28363 0.38638 0.32999 ( 2)  1.008  0.330
 259 Y   0.44499 0.55471 0.00030 ( 2)  0.013  0.000
 260 D   0.44525 0.55469 0.00006 ( 2)  0.012  0.000
 261 P   0.44466 0.55451 0.00083 ( 2)  0.014  0.001
 262 V   0.44506 0.55473 0.00021 ( 2)  0.013  0.000
 263 A   0.44506 0.55473 0.00021 ( 2)  0.013  0.000
 264 Q   0.44433 0.55422 0.00145 ( 2)  0.016  0.001
 265 S   0.44503 0.55472 0.00025 ( 2)  0.013  0.000
 266 S   0.44447 0.55435 0.00118 ( 2)  0.016  0.001
 267 Y   0.44442 0.55430 0.00128 ( 2)  0.016  0.001
 268 T   0.44506 0.55473 0.00021 ( 2)  0.013  0.000
 269 L   0.44434 0.55422 0.00143 ( 2)  0.016  0.001
 270 P   0.44503 0.55472 0.00025 ( 2)  0.013  0.000
 271 P   0.44503 0.55472 0.00025 ( 2)  0.013  0.000
 272 N   0.44481 0.55463 0.00056 ( 2)  0.014  0.001
 273 I   0.44487 0.55466 0.00047 ( 2)  0.013  0.000
 274 T   0.44506 0.55473 0.00021 ( 2)  0.013  0.000
 275 G   0.44484 0.55464 0.00052 ( 2)  0.014  0.001
 276 T   0.44526 0.55468 0.00005 ( 2)  0.012  0.000
 277 L   0.44451 0.55438 0.00111 ( 2)  0.015  0.001
 278 T   0.44506 0.55473 0.00021 ( 2)  0.013  0.000
 279 S   0.44478 0.55460 0.00063 ( 2)  0.014  0.001
 280 L   0.44420 0.55408 0.00171 ( 2)  0.017  0.002
 281 S   0.44503 0.55472 0.00025 ( 2)  0.013  0.000
 282 V   0.44527 0.55468 0.00006 ( 2)  0.012  0.000
 283 S   0.44503 0.55472 0.00025 ( 2)  0.013  0.000
 284 G   0.44501 0.55472 0.00028 ( 2)  0.013  0.000
 285 V   0.44506 0.55473 0.00021 ( 2)  0.013  0.000
 286 M   0.44508 0.55474 0.00018 ( 2)  0.012  0.000
 287 T   0.44526 0.55468 0.00005 ( 2)  0.012  0.000
 288 Y   0.44496 0.55470 0.00033 ( 2)  0.013  0.000
 289 S   0.44503 0.55472 0.00025 ( 2)  0.013  0.000
 290 G   0.44471 0.55455 0.00074 ( 2)  0.014  0.001
 291 G   0.44497 0.55471 0.00032 ( 2)  0.013  0.000
 292 S   0.44503 0.55472 0.00025 ( 2)  0.013  0.000
 293 V   0.44506 0.55473 0.00021 ( 2)  0.013  0.000
 294 D   0.44523 0.55470 0.00008 ( 2)  0.012  0.000
 295 L   0.44503 0.55473 0.00025 ( 2)  0.013  0.000
 296 S   0.44503 0.55472 0.00025 ( 2)  0.013  0.000
 297 A   0.44506 0.55473 0.00021 ( 2)  0.013  0.000
 298 L   0.44433 0.55421 0.00146 ( 2)  0.016  0.001
 299 A   0.44527 0.55468 0.00005 ( 2)  0.012  0.000
 300 V   0.44527 0.55468 0.00006 ( 2)  0.012  0.000
 301 E   0.44506 0.55473 0.00022 ( 2)  0.013  0.000
 302 R   0.44496 0.55470 0.00034 ( 2)  0.013  0.000
 303 G   0.44501 0.55472 0.00028 ( 2)  0.013  0.000
 304 Q   0.44414 0.55403 0.00183 ( 2)  0.017  0.002
 305 F   0.44505 0.55473 0.00022 ( 2)  0.013  0.000
 306 V   0.44527 0.55468 0.00006 ( 2)  0.012  0.000
 307 H   0.44502 0.55472 0.00026 ( 2)  0.013  0.000
 308 L   0.44421 0.55409 0.00170 ( 2)  0.017  0.002
 309 P   0.44503 0.55472 0.00025 ( 2)  0.013  0.000
 310 T   0.44506 0.55473 0.00021 ( 2)  0.013  0.000
 311 S   0.44478 0.55460 0.00062 ( 2)  0.014  0.001
 312 F   0.44505 0.55473 0.00022 ( 2)  0.013  0.000
 313 G   0.44522 0.55470 0.00007 ( 2)  0.012  0.000
 314 N   0.44521 0.55470 0.00008 ( 2)  0.012  0.000
 315 N   0.44507 0.55472 0.00021 ( 2)  0.013  0.000
 316 V   0.44506 0.55473 0.00021 ( 2)  0.013  0.000
 317 T   0.44526 0.55468 0.00005 ( 2)  0.012  0.000
 318 L   0.44405 0.55393 0.00202 ( 2)  0.018  0.002
 319 T   0.44506 0.55473 0.00021 ( 2)  0.013  0.000
 320 A   0.44527 0.55468 0.00005 ( 2)  0.012  0.000
 321 K   0.44506 0.55473 0.00021 ( 2)  0.013  0.000
 322 N   0.44525 0.55469 0.00006 ( 2)  0.012  0.000
 323 Q   0.44414 0.55403 0.00183 ( 2)  0.017  0.002
 324 T   0.44469 0.55453 0.00078 ( 2)  0.014  0.001
 325 I   0.44527 0.55468 0.00005 ( 2)  0.012  0.000
 326 G   0.44493 0.55469 0.00037 ( 2)  0.013  0.000
 327 R   0.44496 0.55470 0.00034 ( 2)  0.013  0.000
 328 G   0.44516 0.55472 0.00012 ( 2)  0.012  0.000
 329 A   0.44527 0.55468 0.00005 ( 2)  0.012  0.000
 330 G   0.44522 0.55470 0.00007 ( 2)  0.012  0.000
 331 R   0.44486 0.55465 0.00049 ( 2)  0.013  0.000
 332 Y   0.44499 0.55471 0.00030 ( 2)  0.013  0.000
 333 R   0.44496 0.55470 0.00034 ( 2)  0.013  0.000
 334 W   0.44407 0.55395 0.00197 ( 2)  0.018  0.002
 335 A   0.44515 0.55472 0.00013 ( 2)  0.012  0.000
 336 G   0.44494 0.55469 0.00037 ( 2)  0.013  0.000
 337 S   0.44523 0.55470 0.00007 ( 2)  0.012  0.000
 338 L   0.44451 0.55438 0.00111 ( 2)  0.015  0.001
 339 P   0.44478 0.55461 0.00061 ( 2)  0.014  0.001
 340 K   0.44506 0.55473 0.00021 ( 2)  0.013  0.000
 341 S   0.44523 0.55470 0.00007 ( 2)  0.012  0.000
 342 I   0.44527 0.55468 0.00005 ( 2)  0.012  0.000
 343 L   0.44429 0.55418 0.00153 ( 2)  0.017  0.002
 344 A   0.44498 0.55470 0.00032 ( 2)  0.013  0.000
 345 S   0.44497 0.55471 0.00032 ( 2)  0.013  0.000
 346 D   0.44520 0.55471 0.00009 ( 2)  0.012  0.000
 347 T   0.44505 0.55473 0.00022 ( 2)  0.013  0.000
 348 L   0.44422 0.55410 0.00169 ( 2)  0.017  0.002
 349 E   0.44486 0.55465 0.00049 ( 2)  0.013  0.000
 350 T   0.44506 0.55473 0.00021 ( 2)  0.013  0.000
 351 S   0.44502 0.55472 0.00026 ( 2)  0.013  0.000
 352 G   0.44522 0.55471 0.00008 ( 2)  0.012  0.000
 353 G   0.44501 0.55472 0.00028 ( 2)  0.013  0.000
 354 L   0.44451 0.55438 0.00111 ( 2)  0.015  0.001
 355 G   0.44522 0.55470 0.00007 ( 2)  0.012  0.000
 356 P   0.44478 0.55461 0.00061 ( 2)  0.014  0.001
 357 N   0.44521 0.55471 0.00009 ( 2)  0.012  0.000
 358 A   0.44506 0.55473 0.00021 ( 2)  0.013  0.000
 359 W   0.44407 0.55395 0.00197 ( 2)  0.018  0.002
 360 V   0.44527 0.55468 0.00006 ( 2)  0.012  0.000
 361 L   0.44431 0.55419 0.00149 ( 2)  0.016  0.001
 362 T   0.44524 0.55469 0.00006 ( 2)  0.012  0.000
 363 N   0.44525 0.55469 0.00006 ( 2)  0.012  0.000
 364 T   0.44505 0.55473 0.00022 ( 2)  0.013  0.000
 365 E   0.44506 0.55473 0.00021 ( 2)  0.013  0.000
 366 G   0.44501 0.55472 0.00028 ( 2)  0.013  0.000
 367 L   0.44405 0.55393 0.00202 ( 2)  0.018  0.002
 368 L   0.44451 0.55438 0.00111 ( 2)  0.015  0.001
 369 T   0.44479 0.55461 0.00061 ( 2)  0.014  0.001
 370 P   0.44503 0.55472 0.00025 ( 2)  0.013  0.000
 371 R   0.44493 0.55469 0.00037 ( 2)  0.013  0.000
 372 G   0.44522 0.55470 0.00007 ( 2)  0.012  0.000
 373 G   0.44501 0.55472 0.00028 ( 2)  0.013  0.000
 374 T   0.44506 0.55473 0.00021 ( 2)  0.013  0.000
 375 Y   0.44442 0.55430 0.00128 ( 2)  0.016  0.001
 376 N   0.44487 0.55465 0.00048 ( 2)  0.013  0.000
 377 D   0.44525 0.55469 0.00006 ( 2)  0.012  0.000
 378 L   0.44450 0.55438 0.00112 ( 2)  0.015  0.001
 379 F   0.44455 0.55442 0.00103 ( 2)  0.015  0.001
 380 D   0.44525 0.55469 0.00006 ( 2)  0.012  0.000
 381 V   0.44527 0.55468 0.00006 ( 2)  0.012  0.000
 382 V   0.44485 0.55464 0.00051 ( 2)  0.013  0.001
 383 Y   0.00002 0.00003 0.99995 ( 3)  3.031  1.000
 384 L   0.44423 0.55411 0.00166 ( 2)  0.017  0.002
 385 S   0.44472 0.55456 0.00072 ( 2)  0.014  0.001
 386 E   0.44506 0.55473 0.00021 ( 2)  0.013  0.000
 387 F   0.44505 0.55473 0.00022 ( 2)  0.013  0.000
 388 A   0.44527 0.55468 0.00005 ( 2)  0.012  0.000
 389 N   0.44481 0.55463 0.00056 ( 2)  0.014  0.001
 390 N   0.44523 0.55470 0.00007 ( 2)  0.012  0.000
 391 T   0.44506 0.55473 0.00021 ( 2)  0.013  0.000
 392 T   0.44523 0.55470 0.00007 ( 2)  0.012  0.000
 393 T   0.44481 0.55462 0.00058 ( 2)  0.014  0.001
 394 Y   0.44499 0.55471 0.00030 ( 2)  0.013  0.000
 395 T   0.36624 0.49869 0.13507 ( 2)  0.420  0.135
 396 T   0.44506 0.55473 0.00021 ( 2)  0.013  0.000
 397 P   0.44478 0.55461 0.00061 ( 2)  0.014  0.001
 398 E   0.44506 0.55473 0.00021 ( 2)  0.013  0.000
 399 A   0.44506 0.55473 0.00021 ( 2)  0.013  0.000
 400 A   0.44527 0.55468 0.00005 ( 2)  0.012  0.000
 401 F   0.44455 0.55442 0.00103 ( 2)  0.015  0.001
 402 Q   0.44416 0.55404 0.00180 ( 2)  0.017  0.002
 403 A   0.44470 0.55454 0.00076 ( 2)  0.014  0.001
 404 A   0.44506 0.55473 0.00021 ( 2)  0.013  0.000
 405 L   0.44405 0.55393 0.00202 ( 2)  0.018  0.002
 406 L   0.44451 0.55438 0.00111 ( 2)  0.015  0.001
 407 A   0.44506 0.55473 0.00021 ( 2)  0.013  0.000
 408 A   0.44506 0.55473 0.00021 ( 2)  0.013  0.000
 409 K   0.44506 0.55473 0.00021 ( 2)  0.013  0.000
 410 A   0.44527 0.55468 0.00005 ( 2)  0.012  0.000
 411 S   0.44434 0.55422 0.00144 ( 2)  0.016  0.001
 412 K   0.44506 0.55473 0.00021 ( 2)  0.013  0.000
 413 S   0.44509 0.55473 0.00018 ( 2)  0.012  0.000
 414 K   0.44475 0.55458 0.00067 ( 2)  0.014  0.001
 415 I   0.44527 0.55468 0.00005 ( 2)  0.012  0.000
 416 L   0.44447 0.55435 0.00118 ( 2)  0.016  0.001
 417 D   0.44517 0.55472 0.00011 ( 2)  0.012  0.000
 418 A   0.44527 0.55468 0.00005 ( 2)  0.012  0.000
 419 Y   0.44444 0.55432 0.00124 ( 2)  0.016  0.001
 420 G   0.44522 0.55470 0.00007 ( 2)  0.012  0.000
 421 C   0.44455 0.55442 0.00104 ( 2)  0.015  0.001
 422 D   0.44524 0.55469 0.00007 ( 2)  0.012  0.000
 423 M   0.44508 0.55474 0.00018 ( 2)  0.012  0.000
 424 T   0.44526 0.55468 0.00005 ( 2)  0.012  0.000
 425 F   0.44455 0.55442 0.00103 ( 2)  0.015  0.001
 426 T   0.44469 0.55453 0.00078 ( 2)  0.014  0.001
 427 T   0.44506 0.55473 0.00021 ( 2)  0.013  0.000
 428 S   0.44478 0.55460 0.00062 ( 2)  0.014  0.001
 429 S   0.44503 0.55472 0.00025 ( 2)  0.013  0.000
 430 F   0.44505 0.55473 0.00022 ( 2)  0.013  0.000
 431 D   0.44525 0.55469 0.00006 ( 2)  0.012  0.000
 432 I   0.44527 0.55468 0.00005 ( 2)  0.012  0.000
 433 Q   0.44447 0.55435 0.00119 ( 2)  0.016  0.001
 434 D   0.00026 0.00043 0.99931 ( 3)  3.029  0.999
 435 I   0.44481 0.55462 0.00056 ( 2)  0.014  0.001
 436 T   0.44526 0.55468 0.00005 ( 2)  0.012  0.000
 437 L   0.44421 0.55409 0.00170 ( 2)  0.017  0.002
 438 R   0.44496 0.55470 0.00034 ( 2)  0.013  0.000
 439 G   0.44478 0.55460 0.00062 ( 2)  0.014  0.001
 440 G   0.44522 0.55470 0.00007 ( 2)  0.012  0.000
 441 V   0.44470 0.55454 0.00077 ( 2)  0.014  0.001
 442 F   0.44455 0.55442 0.00103 ( 2)  0.015  0.001
 443 R   0.44496 0.55470 0.00034 ( 2)  0.013  0.000
 444 G   0.44522 0.55470 0.00007 ( 2)  0.012  0.000
 445 Q   0.44447 0.55435 0.00119 ( 2)  0.016  0.001
 446 R   0.44438 0.55427 0.00135 ( 2)  0.016  0.001
 447 D   0.44486 0.55465 0.00049 ( 2)  0.013  0.000
 448 Y   0.44499 0.55471 0.00030 ( 2)  0.013  0.000
 449 R   0.44496 0.55470 0.00034 ( 2)  0.013  0.000
 450 V   0.44470 0.55454 0.00077 ( 2)  0.014  0.001
 451 Q   0.44427 0.55415 0.00159 ( 2)  0.017  0.002
 452 N   0.44525 0.55469 0.00006 ( 2)  0.012  0.000
 453 A   0.44527 0.55468 0.00005 ( 2)  0.012  0.000
 454 T   0.44506 0.55473 0.00021 ( 2)  0.013  0.000
 455 V   0.40002 0.54449 0.05549 ( 2)  0.180  0.055
 456 E   0.44506 0.55473 0.00021 ( 2)  0.013  0.000
 457 G   0.44474 0.55457 0.00069 ( 2)  0.014  0.001
 458 T   0.44506 0.55473 0.00021 ( 2)  0.013  0.000
 459 T   0.44526 0.55468 0.00005 ( 2)  0.012  0.000
 460 F   0.44455 0.55442 0.00103 ( 2)  0.015  0.001
 461 R   0.44496 0.55470 0.00034 ( 2)  0.013  0.000
 462 N   0.44481 0.55463 0.00056 ( 2)  0.014  0.001
 463 S   0.44503 0.55472 0.00025 ( 2)  0.013  0.000
 464 R   0.44496 0.55470 0.00034 ( 2)  0.013  0.000
 465 V   0.44527 0.55468 0.00006 ( 2)  0.012  0.000
 466 M   0.44508 0.55474 0.00018 ( 2)  0.012  0.000
 467 Y   0.44499 0.55471 0.00030 ( 2)  0.013  0.000
 468 W   0.44407 0.55395 0.00197 ( 2)  0.018  0.002
 469 G   0.44522 0.55470 0.00007 ( 2)  0.012  0.000
 470 G   0.44522 0.55470 0.00007 ( 2)  0.012  0.000
 471 A   0.44527 0.55468 0.00005 ( 2)  0.012  0.000
 472 V   0.44470 0.55454 0.00077 ( 2)  0.014  0.001
 473 R   0.44439 0.55427 0.00134 ( 2)  0.016  0.001
 474 M   0.44508 0.55474 0.00018 ( 2)  0.012  0.000
 475 F   0.44455 0.55442 0.00103 ( 2)  0.015  0.001
 476 D   0.44525 0.55469 0.00006 ( 2)  0.012  0.000
 477 C   0.44498 0.55471 0.00031 ( 2)  0.013  0.000
 478 L   0.44421 0.55409 0.00170 ( 2)  0.017  0.002
 479 W   0.44407 0.55395 0.00197 ( 2)  0.018  0.002
 480 D   0.44482 0.55463 0.00055 ( 2)  0.014  0.001
 481 G   0.44522 0.55470 0.00007 ( 2)  0.012  0.000
 482 A   0.44527 0.55468 0.00005 ( 2)  0.012  0.000
 483 P   0.44503 0.55472 0.00025 ( 2)  0.013  0.000
 484 R   0.44438 0.55427 0.00135 ( 2)  0.016  0.001
 485 P   0.40010 0.54460 0.05530 ( 2)  0.179  0.055
 486 G   0.44522 0.55470 0.00007 ( 2)  0.012  0.000
 487 Q   0.44447 0.55435 0.00119 ( 2)  0.016  0.001
 488 V   0.44527 0.55468 0.00006 ( 2)  0.012  0.000
 489 G   0.44522 0.55470 0.00007 ( 2)  0.012  0.000
 490 S   0.44478 0.55460 0.00062 ( 2)  0.014  0.001
 491 L   0.44421 0.55409 0.00170 ( 2)  0.017  0.002
 492 V   0.44506 0.55473 0.00021 ( 2)  0.013  0.000
 493 F   0.44455 0.55442 0.00103 ( 2)  0.015  0.001
 494 Q   0.44447 0.55435 0.00119 ( 2)  0.016  0.001
 495 G   0.44475 0.55458 0.00068 ( 2)  0.014  0.001
 496 N   0.44481 0.55463 0.00056 ( 2)  0.014  0.001
 497 P   0.44478 0.55461 0.00061 ( 2)  0.014  0.001
 498 I   0.44516 0.55473 0.00012 ( 2)  0.012  0.000
 499 S   0.44473 0.55457 0.00070 ( 2)  0.014  0.001
 500 G   0.44522 0.55470 0.00007 ( 2)  0.012  0.000
 501 T   0.44526 0.55468 0.00005 ( 2)  0.012  0.000
 502 F   0.44505 0.55473 0.00022 ( 2)  0.013  0.000
 503 E   0.44506 0.55473 0.00021 ( 2)  0.013  0.000
 504 I   0.44527 0.55468 0.00005 ( 2)  0.012  0.000
 505 D   0.44525 0.55469 0.00006 ( 2)  0.012  0.000
 506 N   0.44509 0.55472 0.00019 ( 2)  0.013  0.000
 507 C   0.44498 0.55471 0.00031 ( 2)  0.013  0.000
 508 T   0.44526 0.55468 0.00005 ( 2)  0.012  0.000
 509 F   0.44505 0.55473 0.00022 ( 2)  0.013  0.000
 510 K   0.44506 0.55473 0.00021 ( 2)  0.013  0.000
 511 N   0.44493 0.55468 0.00038 ( 2)  0.013  0.000
 512 G   0.44464 0.55449 0.00087 ( 2)  0.015  0.001
 513 L   0.44437 0.55425 0.00137 ( 2)  0.016  0.001
 514 Y   0.44497 0.55471 0.00032 ( 2)  0.013  0.000
 515 G   0.44474 0.55457 0.00069 ( 2)  0.014  0.001
 516 I   0.44481 0.55462 0.00056 ( 2)  0.014  0.001
 517 L   0.44503 0.55473 0.00025 ( 2)  0.013  0.000
 518 Q   0.44447 0.55435 0.00119 ( 2)  0.016  0.001
 519 Q   0.44447 0.55435 0.00119 ( 2)  0.016  0.001
 520 G   0.44497 0.55471 0.00032 ( 2)  0.013  0.000
 521 T   0.44506 0.55473 0.00021 ( 2)  0.013  0.000
 522 G   0.44465 0.55451 0.00084 ( 2)  0.014  0.001
 523 E   0.44505 0.55472 0.00023 ( 2)  0.013  0.000
 524 P   0.44478 0.55461 0.00061 ( 2)  0.014  0.001
 525 V   0.44506 0.55473 0.00021 ( 2)  0.013  0.000
 526 T   0.44506 0.55473 0.00021 ( 2)  0.013  0.000
 527 R   0.44469 0.55453 0.00078 ( 2)  0.014  0.001
 528 G   0.44522 0.55470 0.00007 ( 2)  0.012  0.000
 529 V   0.44479 0.55461 0.00060 ( 2)  0.014  0.001
 530 F   0.44455 0.55442 0.00103 ( 2)  0.015  0.001
 531 R   0.44496 0.55470 0.00034 ( 2)  0.013  0.000
 532 N   0.44481 0.55463 0.00056 ( 2)  0.014  0.001
 533 L   0.44503 0.55473 0.00025 ( 2)  0.013  0.000
 534 T   0.44479 0.55461 0.00061 ( 2)  0.014  0.001
 535 F   0.44455 0.55442 0.00103 ( 2)  0.015  0.001
 536 M   0.44508 0.55474 0.00018 ( 2)  0.012  0.000
 537 D   0.44483 0.55464 0.00053 ( 2)  0.014  0.001
 538 M   0.44508 0.55474 0.00018 ( 2)  0.012  0.000
 539 Q   0.44447 0.55435 0.00119 ( 2)  0.016  0.001
 540 G   0.44522 0.55470 0.00007 ( 2)  0.012  0.000
 541 D   0.44525 0.55469 0.00006 ( 2)  0.012  0.000
 542 A   0.44506 0.55473 0.00022 ( 2)  0.013  0.000
 543 I   0.44516 0.55473 0.00012 ( 2)  0.012  0.000
 544 E   0.44506 0.55473 0.00021 ( 2)  0.013  0.000
 545 L   0.44405 0.55393 0.00202 ( 2)  0.018  0.002
 546 N   0.44481 0.55463 0.00056 ( 2)  0.014  0.001
 547 V   0.44479 0.55461 0.00060 ( 2)  0.014  0.001
 548 I   0.44481 0.55462 0.00056 ( 2)  0.014  0.001
 549 N   0.44525 0.55469 0.00006 ( 2)  0.012  0.000
 550 K   0.44506 0.55473 0.00021 ( 2)  0.013  0.000
 551 H   0.44502 0.55472 0.00026 ( 2)  0.013  0.000
 552 Y   0.44491 0.55468 0.00042 ( 2)  0.013  0.000
 553 D   0.44505 0.55472 0.00023 ( 2)  0.013  0.000
 554 D   0.44525 0.55469 0.00006 ( 2)  0.012  0.000
 555 G   0.44522 0.55470 0.00007 ( 2)  0.012  0.000
 556 C   0.44498 0.55471 0.00031 ( 2)  0.013  0.000
 557 V   0.44470 0.55454 0.00077 ( 2)  0.014  0.001
 558 I   0.44527 0.55468 0.00005 ( 2)  0.012  0.000
 559 E   0.44476 0.55459 0.00065 ( 2)  0.014  0.001
 560 N   0.44525 0.55469 0.00006 ( 2)  0.012  0.000
 561 I   0.44527 0.55468 0.00005 ( 2)  0.012  0.000
 562 Y   0.44442 0.55430 0.00128 ( 2)  0.016  0.001
 563 L   0.44405 0.55393 0.00202 ( 2)  0.018  0.002
 564 S   0.44503 0.55472 0.00025 ( 2)  0.013  0.000
 565 N   0.44525 0.55469 0.00006 ( 2)  0.012  0.000
 566 I   0.44483 0.55464 0.00053 ( 2)  0.014  0.001
 567 D   0.44525 0.55469 0.00006 ( 2)  0.012  0.000
 568 G   0.44464 0.55449 0.00087 ( 2)  0.015  0.001
 569 T   0.44526 0.55468 0.00005 ( 2)  0.012  0.000
 570 N   0.44481 0.55463 0.00056 ( 2)  0.014  0.001
 571 A   0.44527 0.55468 0.00005 ( 2)  0.012  0.000
 572 P   0.44503 0.55472 0.00025 ( 2)  0.013  0.000
 573 I   0.44527 0.55468 0.00005 ( 2)  0.012  0.000
 574 P   0.44503 0.55472 0.00025 ( 2)  0.013  0.000
 575 L   0.44405 0.55393 0.00202 ( 2)  0.018  0.002
 576 S   0.44447 0.55435 0.00118 ( 2)  0.016  0.001
 577 N   0.44481 0.55463 0.00056 ( 2)  0.014  0.001
 578 W   0.44407 0.55395 0.00197 ( 2)  0.018  0.002
 579 G   0.44522 0.55470 0.00007 ( 2)  0.012  0.000
 580 I   0.44481 0.55462 0.00056 ( 2)  0.014  0.001
 581 G   0.44522 0.55470 0.00007 ( 2)  0.012  0.000
 582 I   0.44495 0.55469 0.00035 ( 2)  0.013  0.000
 583 G   0.44522 0.55470 0.00007 ( 2)  0.012  0.000
 584 V   0.39926 0.54346 0.05729 ( 2)  0.185  0.057
 585 A   0.44527 0.55468 0.00005 ( 2)  0.012  0.000
 586 G   0.44522 0.55470 0.00007 ( 2)  0.012  0.000
 587 K   0.44506 0.55473 0.00021 ( 2)  0.013  0.000
 588 G   0.44501 0.55472 0.00028 ( 2)  0.013  0.000
 589 P   0.44477 0.55460 0.00063 ( 2)  0.014  0.001
 590 Y   0.44499 0.55471 0.00030 ( 2)  0.013  0.000
 591 G   0.44522 0.55470 0.00007 ( 2)  0.012  0.000
 592 Y   0.44442 0.55430 0.00128 ( 2)  0.016  0.001
 593 G   0.44501 0.55472 0.00028 ( 2)  0.013  0.000
 594 I   0.44483 0.55464 0.00053 ( 2)  0.014  0.001
 595 P   0.39770 0.54136 0.06094 ( 2)  0.196  0.061
 596 D   0.44524 0.55469 0.00007 ( 2)  0.012  0.000
 597 D   0.44525 0.55469 0.00006 ( 2)  0.012  0.000
 598 Q   0.44447 0.55435 0.00119 ( 2)  0.016  0.001
 599 Y   0.44499 0.55471 0.00030 ( 2)  0.013  0.000
 600 C   0.44442 0.55430 0.00129 ( 2)  0.016  0.001
 601 K   0.44475 0.55458 0.00067 ( 2)  0.014  0.001
 602 N   0.44525 0.55469 0.00006 ( 2)  0.012  0.000
 603 I   0.44527 0.55468 0.00005 ( 2)  0.012  0.000
 604 T   0.44506 0.55473 0.00021 ( 2)  0.013  0.000
 605 I   0.44527 0.55468 0.00005 ( 2)  0.012  0.000
 606 R   0.44496 0.55470 0.00034 ( 2)  0.013  0.000
 607 N   0.44481 0.55463 0.00056 ( 2)  0.014  0.001
 608 V   0.44527 0.55468 0.00006 ( 2)  0.012  0.000
 609 F   0.44505 0.55473 0.00022 ( 2)  0.013  0.000
 610 A   0.44506 0.55473 0.00021 ( 2)  0.013  0.000
 611 K   0.44506 0.55473 0.00021 ( 2)  0.013  0.000
 612 R   0.44496 0.55470 0.00034 ( 2)  0.013  0.000
 613 C   0.44493 0.55469 0.00038 ( 2)  0.013  0.000
 614 R   0.44496 0.55470 0.00034 ( 2)  0.013  0.000
 615 Q   0.44414 0.55403 0.00183 ( 2)  0.017  0.002
 616 I   0.44527 0.55468 0.00005 ( 2)  0.012  0.000
 617 V   0.44479 0.55461 0.00060 ( 2)  0.014  0.001
 618 H   0.44450 0.55437 0.00113 ( 2)  0.015  0.001
 619 V   0.44506 0.55473 0.00021 ( 2)  0.013  0.000
 620 E   0.44506 0.55473 0.00021 ( 2)  0.013  0.000
 621 V   0.44527 0.55468 0.00006 ( 2)  0.012  0.000
 622 G   0.44522 0.55470 0.00007 ( 2)  0.012  0.000
 623 R   0.44496 0.55470 0.00034 ( 2)  0.013  0.000
 624 N   0.44525 0.55469 0.00006 ( 2)  0.012  0.000
 625 I   0.44511 0.55472 0.00017 ( 2)  0.012  0.000
 626 S   0.44503 0.55472 0.00025 ( 2)  0.013  0.000
 627 I   0.44481 0.55462 0.00056 ( 2)  0.014  0.001
 628 E   0.44506 0.55473 0.00021 ( 2)  0.013  0.000
 629 N   0.44481 0.55463 0.00056 ( 2)  0.014  0.001
 630 I   0.44527 0.55468 0.00005 ( 2)  0.012  0.000
 631 H   0.44502 0.55472 0.00026 ( 2)  0.013  0.000
 632 G   0.44474 0.55457 0.00069 ( 2)  0.014  0.001
 633 D   0.44525 0.55469 0.00006 ( 2)  0.012  0.000
 634 P   0.44478 0.55461 0.00061 ( 2)  0.014  0.001
 635 D   0.44510 0.55472 0.00018 ( 2)  0.012  0.000
 636 Q   0.44434 0.55422 0.00145 ( 2)  0.016  0.001
 637 T   0.44497 0.55470 0.00032 ( 2)  0.013  0.000
 638 V   0.44506 0.55473 0.00021 ( 2)  0.013  0.000
 639 S   0.44503 0.55472 0.00025 ( 2)  0.013  0.000
 640 V   0.44527 0.55468 0.00006 ( 2)  0.012  0.000
 641 G   0.44468 0.55452 0.00080 ( 2)  0.014  0.001
 642 T   0.44506 0.55473 0.00021 ( 2)  0.013  0.000
 643 G   0.44522 0.55470 0.00007 ( 2)  0.012  0.000
 644 L   0.44421 0.55409 0.00170 ( 2)  0.017  0.002
 645 A   0.44506 0.55473 0.00021 ( 2)  0.013  0.000
 646 T   0.44526 0.55468 0.00005 ( 2)  0.012  0.000
 647 G   0.44474 0.55457 0.00069 ( 2)  0.014  0.001
 648 A   0.44506 0.55473 0.00021 ( 2)  0.013  0.000
 649 V   0.44527 0.55468 0.00006 ( 2)  0.012  0.000
 650 V   0.44506 0.55473 0.00021 ( 2)  0.013  0.000
 651 M   0.44508 0.55474 0.00018 ( 2)  0.012  0.000
 652 Y   0.44499 0.55471 0.00030 ( 2)  0.013  0.000
 653 G   0.44501 0.55472 0.00028 ( 2)  0.013  0.000
 654 S   0.44523 0.55470 0.00007 ( 2)  0.012  0.000
 655 K   0.44506 0.55473 0.00021 ( 2)  0.013  0.000
 656 D   0.44525 0.55469 0.00006 ( 2)  0.012  0.000
 657 F   0.44505 0.55473 0.00022 ( 2)  0.013  0.000
 658 T   0.44469 0.55453 0.00078 ( 2)  0.014  0.001
 659 I   0.44527 0.55468 0.00005 ( 2)  0.012  0.000
 660 D   0.44498 0.55471 0.00031 ( 2)  0.013  0.000
 661 G   0.44522 0.55470 0.00007 ( 2)  0.012  0.000
 662 V   0.44527 0.55468 0.00006 ( 2)  0.012  0.000
 663 Y   0.44468 0.55452 0.00080 ( 2)  0.014  0.001
 664 G   0.44501 0.55472 0.00028 ( 2)  0.013  0.000
 665 E   0.44479 0.55461 0.00060 ( 2)  0.014  0.001
 666 P   0.44503 0.55472 0.00025 ( 2)  0.013  0.000
 667 K   0.44506 0.55473 0.00021 ( 2)  0.013  0.000
 668 T   0.44506 0.55473 0.00021 ( 2)  0.013  0.000
 669 D   0.44482 0.55463 0.00055 ( 2)  0.014  0.001
 670 G   0.44522 0.55470 0.00007 ( 2)  0.012  0.000
 671 S   0.44478 0.55460 0.00062 ( 2)  0.014  0.001
 672 T   0.44506 0.55473 0.00021 ( 2)  0.013  0.000
 673 L   0.44503 0.55473 0.00025 ( 2)  0.013  0.000
 674 A   0.44506 0.55473 0.00021 ( 2)  0.013  0.000
 675 S   0.44523 0.55470 0.00007 ( 2)  0.012  0.000
 676 N   0.44525 0.55469 0.00006 ( 2)  0.012  0.000
 677 I   0.44481 0.55462 0.00056 ( 2)  0.014  0.001
 678 R   0.44496 0.55470 0.00034 ( 2)  0.013  0.000
 679 M   0.44508 0.55474 0.00018 ( 2)  0.012  0.000
 680 I   0.44527 0.55468 0.00005 ( 2)  0.012  0.000
 681 Y   0.44499 0.55471 0.00030 ( 2)  0.013  0.000
 682 L   0.44421 0.55409 0.00170 ( 2)  0.017  0.002
 683 E   0.44476 0.55459 0.00065 ( 2)  0.014  0.001
 684 W   0.44407 0.55395 0.00197 ( 2)  0.018  0.002
 685 G   0.44501 0.55472 0.00028 ( 2)  0.013  0.000
 686 T   0.44526 0.55468 0.00005 ( 2)  0.012  0.000
 687 N   0.44481 0.55463 0.00056 ( 2)  0.014  0.001
 688 A   0.44506 0.55473 0.00021 ( 2)  0.013  0.000
 689 V   0.44527 0.55468 0.00006 ( 2)  0.012  0.000
 690 L   0.44405 0.55393 0.00202 ( 2)  0.018  0.002
 691 D   0.44484 0.55464 0.00052 ( 2)  0.014  0.001
 692 E   0.44506 0.55473 0.00021 ( 2)  0.013  0.000
 693 E   0.44476 0.55459 0.00065 ( 2)  0.014  0.001
 694 G   0.44518 0.55472 0.00010 ( 2)  0.012  0.000
 695 N   0.44525 0.55469 0.00006 ( 2)  0.012  0.000
 696 P   0.44437 0.55425 0.00139 ( 2)  0.016  0.001
 697 V   0.44506 0.55473 0.00021 ( 2)  0.013  0.000
 698 V   0.44527 0.55468 0.00006 ( 2)  0.012  0.000
 699 P   0.44437 0.55425 0.00139 ( 2)  0.016  0.001
 700 A   0.44506 0.55473 0.00021 ( 2)  0.013  0.000
 701 Q   0.44414 0.55403 0.00183 ( 2)  0.017  0.002
 702 G   0.44514 0.55473 0.00013 ( 2)  0.012  0.000
 703 R   0.44502 0.55472 0.00025 ( 2)  0.013  0.000
 704 P   0.44503 0.55472 0.00025 ( 2)  0.013  0.000
 705 S   0.44473 0.55457 0.00070 ( 2)  0.014  0.001
 706 N   0.44481 0.55463 0.00056 ( 2)  0.014  0.001
 707 P   0.44478 0.55461 0.00061 ( 2)  0.014  0.001
 708 C   0.44444 0.55432 0.00125 ( 2)  0.016  0.001
 709 F   0.44505 0.55473 0.00022 ( 2)  0.013  0.000
 710 N   0.44481 0.55463 0.00056 ( 2)  0.014  0.001
 711 Y   0.44499 0.55471 0.00030 ( 2)  0.013  0.000
 712 S   0.44503 0.55472 0.00025 ( 2)  0.013  0.000
 713 V   0.44527 0.55468 0.00006 ( 2)  0.012  0.000
 714 R   0.44496 0.55470 0.00034 ( 2)  0.013  0.000
 715 N   0.44484 0.55464 0.00052 ( 2)  0.014  0.001
 716 I   0.44527 0.55468 0.00005 ( 2)  0.012  0.000
 717 H   0.44450 0.55437 0.00113 ( 2)  0.015  0.001
 718 T   0.44479 0.55461 0.00061 ( 2)  0.014  0.001
 719 K   0.44506 0.55473 0.00021 ( 2)  0.013  0.000
 720 T   0.44526 0.55468 0.00005 ( 2)  0.012  0.000
 721 G   0.44464 0.55449 0.00087 ( 2)  0.015  0.001
 722 R   0.44496 0.55470 0.00034 ( 2)  0.013  0.000
 723 V   0.44527 0.55468 0.00006 ( 2)  0.012  0.000
 724 F   0.44505 0.55473 0.00022 ( 2)  0.013  0.000
 725 A   0.44495 0.55469 0.00036 ( 2)  0.013  0.000
 726 G   0.44501 0.55472 0.00028 ( 2)  0.013  0.000
 727 V   0.44527 0.55468 0.00006 ( 2)  0.012  0.000
 728 S   0.44447 0.55435 0.00118 ( 2)  0.016  0.001
 729 A   0.44527 0.55468 0.00005 ( 2)  0.012  0.000
 730 G   0.44464 0.55449 0.00087 ( 2)  0.015  0.001
 731 P   0.44478 0.55461 0.00061 ( 2)  0.014  0.001
 732 G   0.44522 0.55470 0.00007 ( 2)  0.012  0.000
 733 Y   0.44499 0.55471 0.00030 ( 2)  0.013  0.000
 734 E   0.44506 0.55473 0.00021 ( 2)  0.013  0.000
 735 N   0.44481 0.55463 0.00056 ( 2)  0.014  0.001
 736 R   0.44502 0.55472 0.00025 ( 2)  0.013  0.000
 737 V   0.44518 0.55471 0.00010 ( 2)  0.012  0.000
 738 S   0.44478 0.55460 0.00062 ( 2)  0.014  0.001
 739 F   0.44505 0.55473 0.00022 ( 2)  0.013  0.000
 740 E   0.44500 0.55471 0.00029 ( 2)  0.013  0.000
 741 N   0.44525 0.55469 0.00006 ( 2)  0.012  0.000
 742 I   0.44519 0.55471 0.00010 ( 2)  0.012  0.000
 743 R   0.38846 0.52885 0.08270 ( 2)  0.262  0.083
 744 C   0.44463 0.55448 0.00089 ( 2)  0.015  0.001
 745 A   0.44527 0.55468 0.00005 ( 2)  0.012  0.000
 746 A   0.44499 0.55471 0.00030 ( 2)  0.013  0.000
 747 L   0.44421 0.55409 0.00170 ( 2)  0.017  0.002
 748 Q   0.44414 0.55403 0.00183 ( 2)  0.017  0.002
 749 L   0.44422 0.55410 0.00168 ( 2)  0.017  0.002
 750 F   0.44455 0.55442 0.00103 ( 2)  0.015  0.001
 751 G   0.44522 0.55470 0.00007 ( 2)  0.012  0.000
 752 I   0.40921 0.55690 0.03389 ( 2)  0.114  0.034
 753 A   0.44527 0.55468 0.00005 ( 2)  0.012  0.000
 754 S   0.44503 0.55472 0.00025 ( 2)  0.013  0.000
 755 W   0.44407 0.55395 0.00197 ( 2)  0.018  0.002
 756 L   0.44503 0.55473 0.00025 ( 2)  0.013  0.000
 757 S   0.44473 0.55457 0.00070 ( 2)  0.014  0.001
 758 M   0.44508 0.55474 0.00018 ( 2)  0.012  0.000
 759 S   0.44503 0.55472 0.00025 ( 2)  0.013  0.000
 760 N   0.44481 0.55463 0.00056 ( 2)  0.014  0.001
 761 I   0.44481 0.55462 0.00056 ( 2)  0.014  0.001
 762 T   0.44479 0.55461 0.00061 ( 2)  0.014  0.001
 763 C   0.44498 0.55471 0.00031 ( 2)  0.013  0.000
 764 N   0.44525 0.55469 0.00006 ( 2)  0.012  0.000
 765 I   0.44481 0.55462 0.00056 ( 2)  0.014  0.001
 766 F   0.44474 0.55457 0.00069 ( 2)  0.014  0.001
 767 D   0.44524 0.55469 0.00007 ( 2)  0.012  0.000
 768 C   0.44498 0.55471 0.00031 ( 2)  0.013  0.000
 769 V   0.44527 0.55468 0.00006 ( 2)  0.012  0.000
 770 G   0.44522 0.55470 0.00007 ( 2)  0.012  0.000
 771 Q   0.44447 0.55435 0.00119 ( 2)  0.016  0.001
 772 P   0.44503 0.55472 0.00025 ( 2)  0.013  0.000
 773 E   0.44506 0.55473 0.00021 ( 2)  0.013  0.000
 774 S   0.44503 0.55472 0.00025 ( 2)  0.013  0.000
 775 G   0.44522 0.55470 0.00007 ( 2)  0.012  0.000
 776 P   0.44478 0.55461 0.00061 ( 2)  0.014  0.001
 777 G   0.44473 0.55456 0.00070 ( 2)  0.014  0.001
 778 T   0.44506 0.55473 0.00021 ( 2)  0.013  0.000
 779 F   0.44505 0.55473 0.00022 ( 2)  0.013  0.000
 780 Y   0.44499 0.55471 0.00030 ( 2)  0.013  0.000
 781 D   0.44525 0.55469 0.00006 ( 2)  0.012  0.000
 782 G   0.44501 0.55472 0.00028 ( 2)  0.013  0.000
 783 F   0.44455 0.55442 0.00103 ( 2)  0.015  0.001
 784 F   0.44455 0.55442 0.00103 ( 2)  0.015  0.001
 785 R   0.44496 0.55470 0.00034 ( 2)  0.013  0.000
 786 R   0.44502 0.55472 0.00025 ( 2)  0.013  0.000
 787 E   0.44506 0.55473 0.00021 ( 2)  0.013  0.000
 788 K   0.44506 0.55473 0.00021 ( 2)  0.013  0.000
 789 S   0.44503 0.55472 0.00025 ( 2)  0.013  0.000
 790 V   0.44527 0.55468 0.00006 ( 2)  0.012  0.000
 791 L   0.44503 0.55473 0.00025 ( 2)  0.013  0.000
 792 E   0.44500 0.55471 0.00029 ( 2)  0.013  0.000
 793 M   0.44508 0.55474 0.00018 ( 2)  0.012  0.000
 794 V   0.44527 0.55468 0.00006 ( 2)  0.012  0.000
 795 N   0.44481 0.55463 0.00056 ( 2)  0.014  0.001
 796 V   0.44505 0.55472 0.00022 ( 2)  0.013  0.000
 797 N   0.44481 0.55463 0.00056 ( 2)  0.014  0.001
 798 C   0.44498 0.55471 0.00031 ( 2)  0.013  0.000
 799 Y   0.44442 0.55430 0.00128 ( 2)  0.016  0.001
 800 P   0.44478 0.55461 0.00061 ( 2)  0.014  0.001
 801 D   0.44525 0.55469 0.00006 ( 2)  0.012  0.000
 802 G   0.44474 0.55457 0.00069 ( 2)  0.014  0.001
 803 K   0.44475 0.55458 0.00067 ( 2)  0.014  0.001
 804 T   0.44493 0.55468 0.00039 ( 2)  0.013  0.000
 805 M   0.44508 0.55474 0.00018 ( 2)  0.012  0.000
 806 V   0.44527 0.55468 0.00006 ( 2)  0.012  0.000
 807 T   0.44526 0.55468 0.00005 ( 2)  0.012  0.000
 808 G   0.44522 0.55470 0.00007 ( 2)  0.012  0.000
 809 R   0.44486 0.55465 0.00049 ( 2)  0.013  0.000
 810 P   0.44478 0.55461 0.00061 ( 2)  0.014  0.001
 811 Q   0.44414 0.55403 0.00183 ( 2)  0.017  0.002
 812 W   0.44407 0.55395 0.00197 ( 2)  0.018  0.002
 813 S   0.44478 0.55460 0.00062 ( 2)  0.014  0.001
 814 R   0.44496 0.55470 0.00034 ( 2)  0.013  0.000
 815 C   0.44442 0.55430 0.00129 ( 2)  0.016  0.001
 816 R   0.44496 0.55470 0.00034 ( 2)  0.013  0.000
 817 Y   0.44442 0.55430 0.00128 ( 2)  0.016  0.001
 818 S   0.44462 0.55447 0.00091 ( 2)  0.015  0.001
 819 D   0.44525 0.55469 0.00006 ( 2)  0.012  0.000
 820 I   0.44527 0.55468 0.00005 ( 2)  0.012  0.000
 821 H   0.44502 0.55472 0.00026 ( 2)  0.013  0.000
 822 R   0.44496 0.55470 0.00034 ( 2)  0.013  0.000
 823 V   0.44479 0.55461 0.00060 ( 2)  0.014  0.001
 824 N   0.44484 0.55464 0.00052 ( 2)  0.014  0.001
 825 C   0.44498 0.55471 0.00031 ( 2)  0.013  0.000
 826 N   0.44525 0.55469 0.00006 ( 2)  0.012  0.000
 827 V   0.44527 0.55468 0.00006 ( 2)  0.012  0.000
 828 E   0.44506 0.55473 0.00021 ( 2)  0.013  0.000
 829 A   0.44527 0.55468 0.00005 ( 2)  0.012  0.000
 830 N   0.44525 0.55469 0.00006 ( 2)  0.012  0.000
 831 M   0.44508 0.55474 0.00018 ( 2)  0.012  0.000
 832 Y   0.44499 0.55471 0.00030 ( 2)  0.013  0.000
 833 T   0.44479 0.55461 0.00061 ( 2)  0.014  0.001
 834 N   0.44525 0.55469 0.00006 ( 2)  0.012  0.000
 835 I   0.44481 0.55462 0.00056 ( 2)  0.014  0.001
 836 A   0.44506 0.55473 0.00021 ( 2)  0.013  0.000
 837 G   0.44522 0.55470 0.00007 ( 2)  0.012  0.000
 838 G   0.44522 0.55470 0.00007 ( 2)  0.012  0.000
 839 I   0.44527 0.55468 0.00005 ( 2)  0.012  0.000
 840 G   0.44501 0.55472 0.00028 ( 2)  0.013  0.000
 841 A   0.44527 0.55468 0.00005 ( 2)  0.012  0.000
 842 I   0.44527 0.55468 0.00005 ( 2)  0.012  0.000
 843 V   0.44506 0.55473 0.00021 ( 2)  0.013  0.000
 844 G   0.44464 0.55449 0.00087 ( 2)  0.015  0.001
 845 T   0.44506 0.55473 0.00021 ( 2)  0.013  0.000
 846 T   0.44493 0.55469 0.00038 ( 2)  0.013  0.000
 847 G   0.44474 0.55457 0.00069 ( 2)  0.014  0.001
 848 K   0.44506 0.55473 0.00021 ( 2)  0.013  0.000
 849 V   0.44527 0.55468 0.00006 ( 2)  0.012  0.000
 850 Y   0.44499 0.55471 0.00030 ( 2)  0.013  0.000
 851 Y   0.44442 0.55430 0.00128 ( 2)  0.016  0.001
 852 L   0.44451 0.55438 0.00111 ( 2)  0.015  0.001
 853 E   0.44476 0.55459 0.00065 ( 2)  0.014  0.001
 854 P   0.44503 0.55472 0.00025 ( 2)  0.013  0.000
 855 N   0.44517 0.55472 0.00011 ( 2)  0.012  0.000
 856 P   0.44503 0.55472 0.00025 ( 2)  0.013  0.000
 857 S   0.44515 0.55473 0.00012 ( 2)  0.012  0.000
 858 R   0.44436 0.55424 0.00139 ( 2)  0.016  0.001
 859 N   0.44481 0.55463 0.00056 ( 2)  0.014  0.001
 860 I   0.44527 0.55468 0.00005 ( 2)  0.012  0.000
 861 D   0.44525 0.55469 0.00006 ( 2)  0.012  0.000
 862 G   0.44493 0.55469 0.00037 ( 2)  0.013  0.000
 863 M   0.44508 0.55474 0.00018 ( 2)  0.012  0.000
 864 H   0.44502 0.55472 0.00026 ( 2)  0.013  0.000
 865 F   0.44455 0.55442 0.00103 ( 2)  0.015  0.001
 866 P   0.44478 0.55461 0.00061 ( 2)  0.014  0.001
 867 T   0.44506 0.55473 0.00021 ( 2)  0.013  0.000
 868 G   0.44464 0.55449 0.00087 ( 2)  0.015  0.001
 869 K   0.44500 0.55471 0.00029 ( 2)  0.013  0.000
 870 E   0.44476 0.55459 0.00065 ( 2)  0.014  0.001
 871 F   0.44505 0.55473 0.00022 ( 2)  0.013  0.000
 872 D   0.44482 0.55463 0.00055 ( 2)  0.014  0.001
 873 K   0.44506 0.55473 0.00021 ( 2)  0.013  0.000
 874 G   0.44513 0.55473 0.00014 ( 2)  0.012  0.000
 875 D   0.44525 0.55469 0.00006 ( 2)  0.012  0.000
 876 M   0.44508 0.55474 0.00018 ( 2)  0.012  0.000
 877 I   0.44516 0.55473 0.00012 ( 2)  0.012  0.000
 878 V   0.44479 0.55461 0.00060 ( 2)  0.014  0.001
 879 K   0.44490 0.55467 0.00042 ( 2)  0.013  0.000
 880 A   0.44470 0.55454 0.00076 ( 2)  0.014  0.001
 881 D   0.44525 0.55469 0.00006 ( 2)  0.012  0.000
 882 N   0.44525 0.55469 0.00006 ( 2)  0.012  0.000
 883 T   0.44469 0.55453 0.00078 ( 2)  0.014  0.001
 884 F   0.44455 0.55442 0.00103 ( 2)  0.015  0.001
 885 F   0.44456 0.55442 0.00102 ( 2)  0.015  0.001
 886 L   0.44503 0.55473 0.00025 ( 2)  0.013  0.000
 887 V   0.44506 0.55473 0.00021 ( 2)  0.013  0.000
 888 T   0.44506 0.55473 0.00021 ( 2)  0.013  0.000
 889 T   0.44506 0.55473 0.00021 ( 2)  0.013  0.000
 890 S   0.44523 0.55470 0.00007 ( 2)  0.012  0.000
 891 G   0.44464 0.55449 0.00087 ( 2)  0.015  0.001
 892 A   0.44506 0.55473 0.00021 ( 2)  0.013  0.000
 893 Y   0.44489 0.55467 0.00044 ( 2)  0.013  0.000
 894 I   0.44527 0.55468 0.00005 ( 2)  0.012  0.000
 895 P   0.44478 0.55461 0.00061 ( 2)  0.014  0.001
 896 D   0.44525 0.55469 0.00006 ( 2)  0.012  0.000
 897 I   0.44481 0.55462 0.00056 ( 2)  0.014  0.001
 898 P   0.44478 0.55461 0.00061 ( 2)  0.014  0.001
 899 A   0.44527 0.55468 0.00005 ( 2)  0.012  0.000
 900 F   0.44455 0.55442 0.00103 ( 2)  0.015  0.001
 901 G   0.44522 0.55470 0.00007 ( 2)  0.012  0.000
 902 I   0.44527 0.55468 0.00005 ( 2)  0.012  0.000
 903 R   0.44436 0.55424 0.00139 ( 2)  0.016  0.001
 904 A   0.44527 0.55468 0.00005 ( 2)  0.012  0.000
 905 T   0.44506 0.55473 0.00021 ( 2)  0.013  0.000
 906 Q   0.44424 0.55412 0.00163 ( 2)  0.017  0.002
 907 A   0.44506 0.55473 0.00021 ( 2)  0.013  0.000
 908 G   0.44501 0.55472 0.00028 ( 2)  0.013  0.000
 909 D   0.44525 0.55469 0.00006 ( 2)  0.012  0.000
 910 T   0.44479 0.55461 0.00061 ( 2)  0.014  0.001
 911 F   0.44455 0.55442 0.00103 ( 2)  0.015  0.001
 912 L   0.44405 0.55393 0.00202 ( 2)  0.018  0.002
 913 T   0.44506 0.55473 0.00021 ( 2)  0.013  0.000
 914 Q   0.44414 0.55403 0.00183 ( 2)  0.017  0.002
 915 N   0.44481 0.55463 0.00056 ( 2)  0.014  0.001
 916 L   0.44421 0.55409 0.00170 ( 2)  0.017  0.002
 917 T   0.44526 0.55468 0.00005 ( 2)  0.012  0.000
 918 P   0.44503 0.55472 0.00025 ( 2)  0.013  0.000
 919 N   0.44498 0.55471 0.00031 ( 2)  0.013  0.000
 920 G   0.44464 0.55449 0.00087 ( 2)  0.015  0.001
 921 T   0.44506 0.55473 0.00021 ( 2)  0.013  0.000
 922 A   0.44506 0.55473 0.00021 ( 2)  0.013  0.000
 923 T   0.44506 0.55473 0.00021 ( 2)  0.013  0.000
 924 N   0.44517 0.55472 0.00011 ( 2)  0.012  0.000
 925 A   0.44527 0.55468 0.00005 ( 2)  0.012  0.000
 926 S   0.44503 0.55472 0.00025 ( 2)  0.013  0.000
 927 W   0.44407 0.55395 0.00197 ( 2)  0.018  0.002
 928 L   0.44421 0.55409 0.00170 ( 2)  0.017  0.002
 929 Y   0.44499 0.55471 0.00030 ( 2)  0.013  0.000
 930 H   0.44493 0.55469 0.00039 ( 2)  0.013  0.000
 931 Y   0.44464 0.55449 0.00087 ( 2)  0.015  0.001
 932 P   0.44503 0.55472 0.00025 ( 2)  0.013  0.000
 933 L   0.44409 0.55397 0.00194 ( 2)  0.018  0.002
 934 S   0.44473 0.55457 0.00070 ( 2)  0.014  0.001
 935 A   0.44506 0.55473 0.00021 ( 2)  0.013  0.000
 936 G   0.44477 0.55459 0.00064 ( 2)  0.014  0.001
 937 T   0.44506 0.55473 0.00021 ( 2)  0.013  0.000
 938 R   0.44496 0.55470 0.00034 ( 2)  0.013  0.000
 939 I   0.44486 0.55465 0.00050 ( 2)  0.013  0.000
 940 R   0.44496 0.55470 0.00034 ( 2)  0.013  0.000
 941 I   0.44527 0.55468 0.00005 ( 2)  0.012  0.000
 942 P   0.44503 0.55472 0.00025 ( 2)  0.013  0.000
 943 G   0.44521 0.55471 0.00008 ( 2)  0.012  0.000
 944 A   0.44527 0.55468 0.00005 ( 2)  0.012  0.000
 945 G   0.44507 0.55473 0.00020 ( 2)  0.013  0.000
 946 V   0.40050 0.54514 0.05437 ( 2)  0.176  0.054
 947 G   0.44522 0.55470 0.00007 ( 2)  0.012  0.000
 948 G   0.44501 0.55472 0.00028 ( 2)  0.013  0.000
 949 A   0.44506 0.55473 0.00021 ( 2)  0.013  0.000
 950 D   0.44525 0.55469 0.00006 ( 2)  0.012  0.000
 951 L   0.44421 0.55409 0.00170 ( 2)  0.017  0.002
 952 D   0.44482 0.55463 0.00055 ( 2)  0.014  0.001
 953 T   0.44506 0.55473 0.00021 ( 2)  0.013  0.000
 954 V   0.44527 0.55468 0.00006 ( 2)  0.012  0.000
 955 I   0.44527 0.55468 0.00005 ( 2)  0.012  0.000
 956 T   0.44526 0.55468 0.00005 ( 2)  0.012  0.000
 957 R   0.44496 0.55470 0.00034 ( 2)  0.013  0.000
 958 A   0.44506 0.55473 0.00021 ( 2)  0.013  0.000
 959 P   0.44503 0.55472 0.00025 ( 2)  0.013  0.000
 960 Y   0.44499 0.55471 0.00030 ( 2)  0.013  0.000
 961 Q   0.44447 0.55435 0.00119 ( 2)  0.016  0.001
 962 D   0.44525 0.55469 0.00006 ( 2)  0.012  0.000
 963 N   0.44525 0.55469 0.00006 ( 2)  0.012  0.000
 964 D   0.44525 0.55469 0.00006 ( 2)  0.012  0.000
 965 T   0.44469 0.55453 0.00078 ( 2)  0.014  0.001
 966 W   0.44407 0.55395 0.00197 ( 2)  0.018  0.002
 967 T   0.44526 0.55468 0.00005 ( 2)  0.012  0.000
 968 N   0.44481 0.55463 0.00056 ( 2)  0.014  0.001
 969 P   0.44478 0.55461 0.00061 ( 2)  0.014  0.001
 970 V   0.44527 0.55468 0.00006 ( 2)  0.012  0.000
 971 K   0.44506 0.55473 0.00021 ( 2)  0.013  0.000
 972 I   0.44516 0.55473 0.00012 ( 2)  0.012  0.000
 973 D   0.44482 0.55463 0.00055 ( 2)  0.014  0.001
 974 I   0.44527 0.55468 0.00005 ( 2)  0.012  0.000
 975 A   0.44506 0.55473 0.00021 ( 2)  0.013  0.000
 976 D   0.44525 0.55469 0.00006 ( 2)  0.012  0.000
 977 P   0.44478 0.55460 0.00061 ( 2)  0.014  0.001
 978 I   0.44527 0.55468 0.00005 ( 2)  0.012  0.000
 979 V   0.44506 0.55473 0.00021 ( 2)  0.013  0.000
 980 T   0.44469 0.55453 0.00078 ( 2)  0.014  0.001
 981 P   0.44503 0.55472 0.00025 ( 2)  0.013  0.000
 982 T   0.44499 0.55471 0.00030 ( 2)  0.013  0.000
 983 S   0.44523 0.55470 0.00007 ( 2)  0.012  0.000
 984 A   0.44527 0.55468 0.00005 ( 2)  0.012  0.000
 985 G   0.44501 0.55472 0.00028 ( 2)  0.013  0.000
 986 V   0.44527 0.55468 0.00006 ( 2)  0.012  0.000
 987 R   0.44502 0.55472 0.00025 ( 2)  0.013  0.000
 988 I   0.44519 0.55471 0.00010 ( 2)  0.012  0.000
 989 K   0.44506 0.55473 0.00021 ( 2)  0.013  0.000
 990 T   0.44479 0.55461 0.00061 ( 2)  0.014  0.001
 991 I   0.44516 0.55473 0.00012 ( 2)  0.012  0.000
 992 P   0.44503 0.55472 0.00025 ( 2)  0.013  0.000
 993 N   0.44517 0.55472 0.00011 ( 2)  0.012  0.000
 994 D   0.44525 0.55469 0.00006 ( 2)  0.012  0.000
 995 S   0.44469 0.55453 0.00078 ( 2)  0.014  0.001
 996 S   0.44523 0.55470 0.00007 ( 2)  0.012  0.000
 997 N   0.44525 0.55469 0.00006 ( 2)  0.012  0.000
 998 V   0.44527 0.55468 0.00006 ( 2)  0.012  0.000
 999 S   0.44503 0.55472 0.00025 ( 2)  0.013  0.000
1000 V   0.44506 0.55473 0.00021 ( 2)  0.013  0.000
1001 G   0.44522 0.55470 0.00007 ( 2)  0.012  0.000
1002 N   0.44525 0.55469 0.00006 ( 2)  0.012  0.000
1003 T   0.44526 0.55468 0.00005 ( 2)  0.012  0.000
1004 A   0.44470 0.55454 0.00076 ( 2)  0.014  0.001
1005 V   0.44527 0.55468 0.00006 ( 2)  0.012  0.000
1006 I   0.44527 0.55468 0.00005 ( 2)  0.012  0.000
1007 R   0.44438 0.55427 0.00135 ( 2)  0.016  0.001
1008 P   0.44478 0.55461 0.00061 ( 2)  0.014  0.001
1009 T   0.44482 0.55463 0.00056 ( 2)  0.014  0.001
1010 P   0.44478 0.55461 0.00061 ( 2)  0.014  0.001
1011 V   0.44499 0.55471 0.00030 ( 2)  0.013  0.000
1012 V   0.44506 0.55473 0.00021 ( 2)  0.013  0.000
1013 D   0.44525 0.55469 0.00006 ( 2)  0.012  0.000
1014 V   0.44470 0.55454 0.00077 ( 2)  0.014  0.001
1015 P   0.44478 0.55461 0.00061 ( 2)  0.014  0.001
1016 T   0.44506 0.55473 0.00021 ( 2)  0.013  0.000
1017 T   0.44479 0.55461 0.00061 ( 2)  0.014  0.001

Positively selected sites

	Prob(w>1)  mean w

   383 Y      1.000**       3.031
   434 D      0.999**       3.029


lnL = -5742.779819
