Supplemental results for CODEML (seqf: seq.phy  treef: tree_fixed.nwk)


MLEs of dN/dS (w) for site classes (K=3)

p:   0.24674  0.62996  0.12330
w:   0.00000  0.00000  1.04074

Naive Empirical Bayes (NEB) probabilities for 3 classes & postmean_w & P(w>1)
(amino acids refer to 1st sequence: F58V)

   1 M   0.26778 0.68368 0.04854 ( 2)  0.051  0.049
   2 N   0.27534 0.70298 0.02168 ( 2)  0.023  0.022
   3 L   0.26084 0.66596 0.07320 ( 2)  0.076  0.073
   4 T   0.27092 0.69169 0.03739 ( 2)  0.039  0.037
   5 R   0.27036 0.69028 0.03936 ( 2)  0.041  0.039
   6 P   0.26908 0.68702 0.04390 ( 2)  0.046  0.044
   7 N   0.27534 0.70298 0.02168 ( 2)  0.023  0.022
   8 S   0.27432 0.70040 0.02528 ( 2)  0.026  0.025
   9 A   0.26032 0.66465 0.07502 ( 2)  0.078  0.075
  10 I   0.27162 0.69350 0.03487 ( 2)  0.036  0.035
  11 A   0.26055 0.66523 0.07422 ( 2)  0.077  0.074
  12 D   0.27557 0.70359 0.02084 ( 2)  0.022  0.021
  13 L   0.25459 0.65000 0.09541 ( 2)  0.099  0.095
  14 V   0.27137 0.69287 0.03576 ( 2)  0.037  0.036
  15 E   0.27278 0.69645 0.03078 ( 2)  0.032  0.031
  16 A   0.27436 0.70049 0.02515 ( 2)  0.026  0.025
  17 T   0.27447 0.70076 0.02478 ( 2)  0.026  0.025
  18 Y   0.26889 0.68652 0.04459 ( 2)  0.046  0.045
  19 R   0.25833 0.65955 0.08212 ( 2)  0.085  0.082
  20 K   0.27209 0.69469 0.03322 ( 2)  0.035  0.033
  21 R   0.26699 0.68168 0.05133 ( 2)  0.053  0.051
  22 R   0.25469 0.65027 0.09504 ( 2)  0.099  0.095
  23 S   0.26494 0.67645 0.05861 ( 2)  0.061  0.059
  24 F   0.26900 0.68681 0.04418 ( 2)  0.046  0.044
  25 E   0.26498 0.67654 0.05847 ( 2)  0.061  0.058
  26 A   0.27091 0.69169 0.03740 ( 2)  0.039  0.037
  27 G   0.27470 0.70136 0.02394 ( 2)  0.025  0.024
  28 F   0.26900 0.68681 0.04418 ( 2)  0.046  0.044
  29 T   0.27092 0.69169 0.03739 ( 2)  0.039  0.037
  30 L   0.26084 0.66596 0.07320 ( 2)  0.076  0.073
  31 R   0.26699 0.68168 0.05133 ( 2)  0.053  0.051
  32 N   0.27534 0.70298 0.02168 ( 2)  0.023  0.022
  33 S   0.25600 0.65362 0.09038 ( 2)  0.094  0.090
  34 R   0.26699 0.68168 0.05133 ( 2)  0.053  0.051
  35 E   0.27278 0.69645 0.03078 ( 2)  0.032  0.031
  36 V   0.27475 0.70148 0.02378 ( 2)  0.025  0.024
  37 L   0.25510 0.65132 0.09357 ( 2)  0.097  0.094
  38 L   0.25302 0.64600 0.10099 ( 2)  0.105  0.101
  39 L   0.26084 0.66596 0.07320 ( 2)  0.076  0.073
  40 A   0.26926 0.68748 0.04326 ( 2)  0.045  0.043
  41 A   0.27091 0.69169 0.03740 ( 2)  0.039  0.037
  42 E   0.27278 0.69645 0.03078 ( 2)  0.032  0.031
  43 G   0.26029 0.66455 0.07516 ( 2)  0.078  0.075
  44 N   0.27534 0.70298 0.02168 ( 2)  0.023  0.022
  45 Y   0.26889 0.68652 0.04459 ( 2)  0.046  0.045
  46 Y   0.25586 0.65325 0.09089 ( 2)  0.095  0.091
  47 Q   0.26243 0.67002 0.06755 ( 2)  0.070  0.068
  48 W   0.25420 0.64902 0.09678 ( 2)  0.101  0.097
  49 K   0.27209 0.69469 0.03322 ( 2)  0.035  0.033
  50 G   0.27070 0.69114 0.03816 ( 2)  0.040  0.038
  51 T   0.27447 0.70076 0.02478 ( 2)  0.026  0.025
  52 F   0.26900 0.68681 0.04418 ( 2)  0.046  0.044
  53 P   0.26908 0.68702 0.04390 ( 2)  0.046  0.044
  54 K   0.27209 0.69469 0.03322 ( 2)  0.035  0.033
  55 V   0.27125 0.69255 0.03619 ( 2)  0.038  0.036
  56 V   0.27486 0.70176 0.02338 ( 2)  0.024  0.023
  57 P   0.26516 0.67701 0.05783 ( 2)  0.060  0.058
  58 A   0.27091 0.69169 0.03740 ( 2)  0.039  0.037
  59 N   0.26330 0.67224 0.06446 ( 2)  0.067  0.064
  60 S   0.26912 0.68710 0.04378 ( 2)  0.046  0.044
  61 T   0.26013 0.66416 0.07571 ( 2)  0.079  0.076
  62 P   0.26516 0.67701 0.05783 ( 2)  0.060  0.058
  63 A   0.26055 0.66523 0.07422 ( 2)  0.077  0.074
  64 T   0.00000 0.00001 0.99999 ( 3)  1.041  1.000
  65 T   0.27092 0.69169 0.03739 ( 2)  0.039  0.037
  66 G   0.27470 0.70136 0.02394 ( 2)  0.025  0.024
  67 G   0.27470 0.70136 0.02394 ( 2)  0.025  0.024
  68 I   0.27423 0.70015 0.02563 ( 2)  0.027  0.026
  69 S   0.26912 0.68710 0.04378 ( 2)  0.046  0.044
  70 S   0.25600 0.65362 0.09038 ( 2)  0.094  0.090
  71 L   0.26773 0.68357 0.04870 ( 2)  0.051  0.049
  72 A   0.27091 0.69169 0.03740 ( 2)  0.039  0.037
  73 W   0.25420 0.64902 0.09678 ( 2)  0.101  0.097
  74 Q   0.26243 0.67002 0.06755 ( 2)  0.070  0.068
  75 S   0.27432 0.70040 0.02528 ( 2)  0.026  0.025
  76 V   0.27486 0.70176 0.02338 ( 2)  0.024  0.023
  77 G   0.26061 0.66539 0.07400 ( 2)  0.077  0.074
  78 T   0.26033 0.66466 0.07501 ( 2)  0.078  0.075
  79 A   0.27436 0.70049 0.02515 ( 2)  0.026  0.025
  80 D   0.27557 0.70359 0.02084 ( 2)  0.022  0.021
  81 D   0.27557 0.70359 0.02084 ( 2)  0.022  0.021
  82 I   0.27162 0.69350 0.03487 ( 2)  0.036  0.035
  83 A   0.27091 0.69169 0.03740 ( 2)  0.039  0.037
  84 I   0.27423 0.70015 0.02563 ( 2)  0.027  0.026
  85 I   0.26040 0.66484 0.07476 ( 2)  0.078  0.075
  86 N   0.27534 0.70298 0.02168 ( 2)  0.023  0.022
  87 A   0.26055 0.66523 0.07422 ( 2)  0.077  0.074
  88 K   0.26342 0.67256 0.06401 ( 2)  0.067  0.064
  89 F   0.26900 0.68681 0.04418 ( 2)  0.046  0.044
  90 T   0.26013 0.66416 0.07571 ( 2)  0.079  0.076
  91 A   0.27091 0.69169 0.03740 ( 2)  0.039  0.037
  92 M   0.00000 0.00001 0.99998 ( 3)  1.041  1.000
  93 Q   0.25572 0.65290 0.09138 ( 2)  0.095  0.091
  94 Q   0.26243 0.67002 0.06755 ( 2)  0.070  0.068
  95 Q   0.25801 0.65874 0.08325 ( 2)  0.087  0.083
  96 I   0.27423 0.70015 0.02563 ( 2)  0.027  0.026
  97 D   0.27557 0.70359 0.02084 ( 2)  0.022  0.021
  98 D   0.27557 0.70359 0.02084 ( 2)  0.022  0.021
  99 L   0.25302 0.64600 0.10099 ( 2)  0.105  0.101
 100 S   0.25519 0.65155 0.09326 ( 2)  0.097  0.093
 101 E   0.27278 0.69645 0.03078 ( 2)  0.032  0.031
 102 T   0.27092 0.69169 0.03739 ( 2)  0.039  0.037
 103 I   0.27162 0.69350 0.03487 ( 2)  0.036  0.035
 104 P   0.26908 0.68702 0.04390 ( 2)  0.046  0.044
 105 E   0.27278 0.69645 0.03078 ( 2)  0.032  0.031
 106 A   0.27436 0.70049 0.02515 ( 2)  0.026  0.025
 107 G   0.27470 0.70136 0.02394 ( 2)  0.025  0.024
 108 K   0.27209 0.69469 0.03322 ( 2)  0.035  0.033
 109 S   0.25519 0.65155 0.09326 ( 2)  0.097  0.093
 110 A   0.27436 0.70049 0.02515 ( 2)  0.026  0.025
 111 Y   0.26889 0.68652 0.04459 ( 2)  0.046  0.045
 112 Q   0.25572 0.65290 0.09138 ( 2)  0.095  0.091
 113 I   0.26040 0.66484 0.07476 ( 2)  0.078  0.075
 114 A   0.27091 0.69169 0.03740 ( 2)  0.039  0.037
 115 L   0.26773 0.68357 0.04870 ( 2)  0.051  0.049
 116 D   0.27557 0.70359 0.02084 ( 2)  0.022  0.021
 117 N   0.27534 0.70298 0.02168 ( 2)  0.023  0.022
 118 G   0.27470 0.70136 0.02394 ( 2)  0.025  0.024
 119 F   0.26900 0.68681 0.04418 ( 2)  0.046  0.044
 120 V   0.27486 0.70176 0.02338 ( 2)  0.024  0.023
 121 G   0.27070 0.69114 0.03816 ( 2)  0.040  0.038
 122 T   0.27092 0.69169 0.03739 ( 2)  0.039  0.037
 123 E   0.27278 0.69645 0.03078 ( 2)  0.032  0.031
 124 A   0.27091 0.69169 0.03740 ( 2)  0.039  0.037
 125 Q   0.26230 0.66971 0.06799 ( 2)  0.071  0.068
 126 W   0.25420 0.64902 0.09678 ( 2)  0.101  0.097
 127 L   0.26773 0.68357 0.04870 ( 2)  0.051  0.049
 128 A   0.26646 0.68032 0.05322 ( 2)  0.055  0.053
 129 S   0.26912 0.68710 0.04378 ( 2)  0.046  0.044
 130 L   0.25510 0.65132 0.09357 ( 2)  0.097  0.094
 131 K   0.27209 0.69469 0.03322 ( 2)  0.035  0.033
 132 G   0.26029 0.66455 0.07516 ( 2)  0.078  0.075
 133 D   0.27557 0.70359 0.02084 ( 2)  0.022  0.021
 134 T   0.27447 0.70076 0.02478 ( 2)  0.026  0.025
 135 G   0.27470 0.70136 0.02394 ( 2)  0.025  0.024
 136 A   0.27436 0.70049 0.02515 ( 2)  0.026  0.025
 137 Q   0.26243 0.67002 0.06755 ( 2)  0.070  0.068
 138 L   0.26773 0.68357 0.04870 ( 2)  0.051  0.049
 139 N   0.27534 0.70298 0.02168 ( 2)  0.023  0.022
 140 I   0.27423 0.70015 0.02563 ( 2)  0.027  0.026
 141 K   0.27209 0.69469 0.03322 ( 2)  0.035  0.033
 142 G   0.27057 0.69080 0.03864 ( 2)  0.040  0.039
 143 S   0.26303 0.67156 0.06540 ( 2)  0.068  0.065
 144 L   0.26084 0.66596 0.07320 ( 2)  0.076  0.073
 145 A   0.27091 0.69169 0.03740 ( 2)  0.039  0.037
 146 S   0.26181 0.66845 0.06974 ( 2)  0.073  0.070
 147 T   0.27447 0.70076 0.02478 ( 2)  0.026  0.025
 148 S   0.27432 0.70040 0.02528 ( 2)  0.026  0.025
 149 E   0.27278 0.69645 0.03078 ( 2)  0.032  0.031
 150 L   0.26036 0.66474 0.07490 ( 2)  0.078  0.075
 151 P   0.26516 0.67701 0.05783 ( 2)  0.060  0.058
 152 S   0.26121 0.66692 0.07186 ( 2)  0.075  0.072
 153 T   0.27092 0.69169 0.03739 ( 2)  0.039  0.037
 154 G   0.27470 0.70136 0.02394 ( 2)  0.025  0.024
 155 N   0.26330 0.67224 0.06446 ( 2)  0.067  0.064
 156 V   0.27470 0.70135 0.02396 ( 2)  0.025  0.024
 157 A   0.27091 0.69169 0.03740 ( 2)  0.039  0.037
 158 G   0.26147 0.66759 0.07094 ( 2)  0.074  0.071
 159 D   0.27537 0.70306 0.02158 ( 2)  0.022  0.022
 160 G   0.27470 0.70136 0.02394 ( 2)  0.025  0.024
 161 Y   0.26889 0.68652 0.04459 ( 2)  0.046  0.045
 162 I   0.26599 0.67912 0.05489 ( 2)  0.057  0.055
 163 V   0.27137 0.69287 0.03576 ( 2)  0.037  0.036
 164 G   0.27429 0.70031 0.02540 ( 2)  0.026  0.025
 165 D   0.27557 0.70359 0.02084 ( 2)  0.022  0.021
 166 V   0.26943 0.68789 0.04268 ( 2)  0.044  0.043
 167 I   0.26513 0.67693 0.05794 ( 2)  0.060  0.058
 168 Y   0.25586 0.65325 0.09089 ( 2)  0.095  0.091
 169 A   0.27436 0.70049 0.02515 ( 2)  0.026  0.025
 170 W   0.25420 0.64902 0.09678 ( 2)  0.101  0.097
 171 D   0.27557 0.70359 0.02084 ( 2)  0.022  0.021
 172 G   0.27427 0.70027 0.02546 ( 2)  0.026  0.025
 173 S   0.00001 0.00001 0.99998 ( 3)  1.041  1.000
 174 V   0.27486 0.70176 0.02338 ( 2)  0.024  0.023
 175 W   0.25420 0.64902 0.09678 ( 2)  0.101  0.097
 176 K   0.27209 0.69469 0.03322 ( 2)  0.035  0.033
 177 L   0.26773 0.68357 0.04870 ( 2)  0.051  0.049
 178 I   0.27380 0.69906 0.02715 ( 2)  0.028  0.027
 179 S   0.26912 0.68710 0.04378 ( 2)  0.046  0.044
 180 S   0.26912 0.68710 0.04378 ( 2)  0.046  0.044
 181 L   0.26773 0.68357 0.04870 ( 2)  0.051  0.049
 182 G   0.26101 0.66641 0.07257 ( 2)  0.076  0.073
 183 P   0.26516 0.67701 0.05783 ( 2)  0.060  0.058
 184 E   0.27278 0.69645 0.03078 ( 2)  0.032  0.031
 185 G   0.27302 0.69707 0.02991 ( 2)  0.031  0.030
 186 K   0.27209 0.69469 0.03322 ( 2)  0.035  0.033
 187 S   0.26335 0.67238 0.06427 ( 2)  0.067  0.064
 188 A   0.27436 0.70049 0.02515 ( 2)  0.026  0.025
 189 Y   0.25652 0.65493 0.08855 ( 2)  0.092  0.089
 190 E   0.26498 0.67654 0.05847 ( 2)  0.061  0.058
 191 V   0.00001 0.00002 0.99998 ( 3)  1.041  1.000
 192 W   0.25420 0.64902 0.09678 ( 2)  0.101  0.097
 193 L   0.25539 0.65205 0.09255 ( 2)  0.096  0.093
 194 A   0.27091 0.69169 0.03740 ( 2)  0.039  0.037
 195 D   0.27557 0.70359 0.02084 ( 2)  0.022  0.021
 196 G   0.27470 0.70136 0.02394 ( 2)  0.025  0.024
 197 N   0.27534 0.70298 0.02168 ( 2)  0.023  0.022
 198 T   0.27092 0.69169 0.03739 ( 2)  0.039  0.037
 199 G   0.26875 0.68616 0.04510 ( 2)  0.047  0.045
 200 S   0.26912 0.68710 0.04378 ( 2)  0.046  0.044
 201 V   0.27486 0.70176 0.02338 ( 2)  0.024  0.023
 202 Y   0.26889 0.68652 0.04459 ( 2)  0.046  0.045
 203 D   0.27519 0.70262 0.02219 ( 2)  0.023  0.022
 204 F   0.26883 0.68637 0.04480 ( 2)  0.047  0.045
 205 L   0.26773 0.68357 0.04870 ( 2)  0.051  0.049
 206 T   0.00000 0.00001 0.99999 ( 3)  1.041  1.000
 207 S   0.26912 0.68710 0.04378 ( 2)  0.046  0.044
 208 I   0.27162 0.69350 0.03487 ( 2)  0.036  0.035
 209 K   0.27209 0.69469 0.03322 ( 2)  0.035  0.033
 210 G   0.27257 0.69593 0.03150 ( 2)  0.033  0.032
 211 D   0.27557 0.70359 0.02084 ( 2)  0.022  0.021
 212 K   0.27209 0.69469 0.03322 ( 2)  0.035  0.033
 213 G   0.26755 0.68310 0.04936 ( 2)  0.051  0.049
 214 D   0.27519 0.70262 0.02219 ( 2)  0.023  0.022
 215 V   0.27486 0.70176 0.02338 ( 2)  0.024  0.023
 216 G   0.27470 0.70136 0.02394 ( 2)  0.025  0.024
 217 P   0.26908 0.68702 0.04390 ( 2)  0.046  0.044
 218 T   0.27092 0.69169 0.03739 ( 2)  0.039  0.037
 219 G   0.26147 0.66759 0.07094 ( 2)  0.074  0.071
 220 P   0.26516 0.67701 0.05783 ( 2)  0.060  0.058
 221 Q   0.25572 0.65290 0.09138 ( 2)  0.095  0.091
 222 G   0.27095 0.69179 0.03726 ( 2)  0.039  0.037
 223 A   0.27091 0.69169 0.03740 ( 2)  0.039  0.037
 224 P   0.26908 0.68702 0.04390 ( 2)  0.046  0.044
 225 G   0.27470 0.70136 0.02394 ( 2)  0.025  0.024
 226 V   0.27443 0.70067 0.02490 ( 2)  0.026  0.025
 227 N   0.26330 0.67224 0.06446 ( 2)  0.067  0.064
 228 A   0.26174 0.66826 0.07000 ( 2)  0.073  0.070
 229 N   0.26426 0.67469 0.06105 ( 2)  0.064  0.061
 230 G   0.27470 0.70136 0.02394 ( 2)  0.025  0.024
 231 F   0.26900 0.68681 0.04418 ( 2)  0.046  0.044
 232 D   0.27557 0.70359 0.02084 ( 2)  0.022  0.021
 233 Y   0.26842 0.68531 0.04627 ( 2)  0.048  0.046
 234 R   0.26699 0.68168 0.05133 ( 2)  0.053  0.051
 235 G   0.26295 0.67135 0.06570 ( 2)  0.068  0.066
 236 D   0.27557 0.70359 0.02084 ( 2)  0.022  0.021
 237 L   0.25510 0.65132 0.09357 ( 2)  0.097  0.094
 238 P   0.26908 0.68702 0.04390 ( 2)  0.046  0.044
 239 S   0.26912 0.68710 0.04378 ( 2)  0.046  0.044
 240 T   0.27092 0.69169 0.03739 ( 2)  0.039  0.037
 241 S   0.27432 0.70040 0.02528 ( 2)  0.026  0.025
 242 N   0.26330 0.67224 0.06446 ( 2)  0.067  0.064
 243 L   0.26084 0.66596 0.07320 ( 2)  0.076  0.073
 244 P   0.26516 0.67701 0.05783 ( 2)  0.060  0.058
 245 Q   0.26243 0.67002 0.06755 ( 2)  0.070  0.068
 246 P   0.26908 0.68702 0.04390 ( 2)  0.046  0.044
 247 N   0.00000 0.00001 0.99999 ( 3)  1.041  1.000
 248 S   0.26899 0.68678 0.04423 ( 2)  0.046  0.044
 249 E   0.27278 0.69645 0.03078 ( 2)  0.032  0.031
 250 N   0.26330 0.67224 0.06446 ( 2)  0.067  0.064
 251 V   0.27137 0.69287 0.03576 ( 2)  0.037  0.036
 252 S   0.26142 0.66745 0.07113 ( 2)  0.074  0.071
 253 Q   0.26243 0.67002 0.06755 ( 2)  0.070  0.068
 254 A   0.27436 0.70049 0.02515 ( 2)  0.026  0.025
 255 Y   0.26889 0.68652 0.04459 ( 2)  0.046  0.045
 256 S   0.26912 0.68710 0.04378 ( 2)  0.046  0.044
 257 I   0.26149 0.66762 0.07089 ( 2)  0.074  0.071
 258 N   0.00001 0.00003 0.99996 ( 3)  1.041  1.000
 259 G   0.27257 0.69593 0.03150 ( 2)  0.033  0.032
 260 N   0.27534 0.70298 0.02168 ( 2)  0.023  0.022
 261 L   0.26773 0.68357 0.04870 ( 2)  0.051  0.049
 262 Y   0.26889 0.68652 0.04459 ( 2)  0.046  0.045
 263 V   0.26074 0.66571 0.07356 ( 2)  0.077  0.074
 264 S   0.26912 0.68710 0.04378 ( 2)  0.046  0.044
 265 N   0.27454 0.70094 0.02452 ( 2)  0.026  0.025
 266 G   0.26029 0.66455 0.07516 ( 2)  0.078  0.075
 267 T   0.27092 0.69169 0.03739 ( 2)  0.039  0.037
 268 A   0.27436 0.70049 0.02515 ( 2)  0.026  0.025
 269 W   0.25420 0.64902 0.09678 ( 2)  0.101  0.097
 270 V   0.26074 0.66571 0.07356 ( 2)  0.077  0.074
 271 N   0.26330 0.67224 0.06446 ( 2)  0.067  0.064
 272 M   0.26778 0.68368 0.04854 ( 2)  0.051  0.049
 273 G   0.27470 0.70136 0.02394 ( 2)  0.025  0.024
 274 N   0.27534 0.70298 0.02168 ( 2)  0.023  0.022
 275 I   0.27423 0.70015 0.02563 ( 2)  0.027  0.026
 276 V   0.27486 0.70176 0.02338 ( 2)  0.024  0.023
 277 G   0.27470 0.70136 0.02394 ( 2)  0.025  0.024
 278 P   0.26908 0.68702 0.04390 ( 2)  0.046  0.044
 279 Q   0.26243 0.67002 0.06755 ( 2)  0.070  0.068
 280 G   0.27470 0.70136 0.02394 ( 2)  0.025  0.024
 281 P   0.26516 0.67701 0.05783 ( 2)  0.060  0.058
 282 Q   0.26243 0.67002 0.06755 ( 2)  0.070  0.068
 283 G   0.27454 0.70093 0.02453 ( 2)  0.026  0.025
 284 E   0.26498 0.67654 0.05847 ( 2)  0.061  0.058
 285 A   0.27091 0.69169 0.03740 ( 2)  0.039  0.037
 286 G   0.27463 0.70118 0.02418 ( 2)  0.025  0.024
 287 K   0.27209 0.69469 0.03322 ( 2)  0.035  0.033
 288 D   0.26458 0.67553 0.05989 ( 2)  0.062  0.060
 289 G   0.27470 0.70136 0.02394 ( 2)  0.025  0.024
 290 L   0.26294 0.67134 0.06572 ( 2)  0.068  0.066
 291 D   0.27557 0.70359 0.02084 ( 2)  0.022  0.021
 292 G   0.27070 0.69114 0.03816 ( 2)  0.040  0.038
 293 T   0.27092 0.69169 0.03739 ( 2)  0.039  0.037
 294 D   0.27557 0.70359 0.02084 ( 2)  0.022  0.021
 295 G   0.27070 0.69114 0.03816 ( 2)  0.040  0.038
 296 D   0.27353 0.69836 0.02811 ( 2)  0.029  0.028
 297 E   0.27278 0.69645 0.03078 ( 2)  0.032  0.031
 298 G   0.26029 0.66455 0.07516 ( 2)  0.078  0.075
 299 K   0.27209 0.69469 0.03322 ( 2)  0.035  0.033
 300 S   0.26912 0.68710 0.04378 ( 2)  0.046  0.044
 301 A   0.27091 0.69169 0.03740 ( 2)  0.039  0.037
 302 Y   0.26889 0.68652 0.04459 ( 2)  0.046  0.045
 303 Q   0.26243 0.67002 0.06755 ( 2)  0.070  0.068
 304 S   0.27432 0.70040 0.02528 ( 2)  0.026  0.025
 305 W   0.25420 0.64902 0.09678 ( 2)  0.101  0.097
 306 L   0.25302 0.64600 0.10099 ( 2)  0.105  0.101
 307 D   0.27557 0.70359 0.02084 ( 2)  0.022  0.021
 308 A   0.27436 0.70049 0.02515 ( 2)  0.026  0.025
 309 G   0.27470 0.70136 0.02394 ( 2)  0.025  0.024
 310 N   0.27534 0.70298 0.02168 ( 2)  0.023  0.022
 311 E   0.27278 0.69645 0.03078 ( 2)  0.032  0.031
 312 G   0.26029 0.66455 0.07516 ( 2)  0.078  0.075
 313 T   0.27092 0.69169 0.03739 ( 2)  0.039  0.037
 314 E   0.27278 0.69645 0.03078 ( 2)  0.032  0.031
 315 V   0.27137 0.69287 0.03576 ( 2)  0.037  0.036
 316 D   0.27557 0.70359 0.02084 ( 2)  0.022  0.021
 317 F   0.26900 0.68681 0.04418 ( 2)  0.046  0.044
 318 I   0.00001 0.00003 0.99996 ( 3)  1.041  1.000
 319 A   0.26537 0.67754 0.05709 ( 2)  0.059  0.057
 320 S   0.26037 0.66476 0.07488 ( 2)  0.078  0.075
 321 L   0.24256 0.61929 0.13815 ( 2)  0.144  0.138
 322 K   0.27209 0.69469 0.03322 ( 2)  0.035  0.033
 323 G   0.27376 0.69896 0.02728 ( 2)  0.028  0.027
 324 P   0.00000 0.00000 1.00000 ( 3)  1.041  1.000
 325 K   0.27032 0.69018 0.03950 ( 2)  0.041  0.039
 326 G   0.26875 0.68616 0.04510 ( 2)  0.047  0.045
 327 D   0.26458 0.67553 0.05989 ( 2)  0.062  0.060
 328 K   0.26587 0.67881 0.05532 ( 2)  0.058  0.055
 329 G   0.27376 0.69896 0.02728 ( 2)  0.028  0.027
 330 D   0.27557 0.70359 0.02084 ( 2)  0.022  0.021
 331 Q   0.00000 0.00001 0.99999 ( 3)  1.041  1.000
 332 G   0.27070 0.69114 0.03816 ( 2)  0.040  0.038
 333 E   0.00001 0.00001 0.99998 ( 3)  1.041  1.000
 334 R   0.00000 0.00000 1.00000 ( 3)  1.041  1.000
 335 G   0.27470 0.70136 0.02394 ( 2)  0.025  0.024
 336 P   0.26516 0.67701 0.05783 ( 2)  0.060  0.058
 337 Q   0.26243 0.67002 0.06755 ( 2)  0.070  0.068
 338 G   0.27459 0.70106 0.02435 ( 2)  0.025  0.024
 339 E   0.27278 0.69645 0.03078 ( 2)  0.032  0.031
 340 L   0.00000 0.00001 0.99999 ( 3)  1.041  1.000
 341 G   0.27470 0.70136 0.02394 ( 2)  0.025  0.024
 342 P   0.00000 0.00000 1.00000 ( 3)  1.041  1.000
 343 Q   0.26243 0.67002 0.06755 ( 2)  0.070  0.068
 344 G   0.27161 0.69347 0.03492 ( 2)  0.036  0.035
 345 P   0.00000 0.00000 1.00000 ( 3)  1.041  1.000
 346 V   0.00000 0.00000 1.00000 ( 3)  1.041  1.000
 347 G   0.27470 0.70136 0.02394 ( 2)  0.025  0.024
 348 A   0.00000 0.00001 0.99998 ( 3)  1.041  1.000
 349 T   0.00000 0.00000 1.00000 ( 3)  1.041  1.000
 350 G   0.27161 0.69347 0.03492 ( 2)  0.036  0.035
 351 S   0.00000 0.00001 0.99999 ( 3)  1.041  1.000
 352 G   0.26638 0.68011 0.05352 ( 2)  0.056  0.054
 353 L   0.23493 0.59982 0.16525 ( 2)  0.172  0.165
 354 E   0.00000 0.00000 1.00000 ( 3)  1.041  1.000
 355 I   0.00000 0.00000 1.00000 ( 3)  1.041  1.000
 356 I   0.00000 0.00001 0.99999 ( 3)  1.041  1.000
 357 G   0.26098 0.66631 0.07271 ( 2)  0.076  0.073
 358 V   0.00000 0.00001 0.99999 ( 3)  1.041  1.000
 359 L   0.25342 0.64703 0.09955 ( 2)  0.104  0.100
 360 N   0.00000 0.00000 1.00000 ( 3)  1.041  1.000
 361 S   0.00000 0.00000 1.00000 ( 3)  1.041  1.000
 362 E   0.00000 0.00001 0.99999 ( 3)  1.041  1.000
 363 A   0.00001 0.00002 0.99997 ( 3)  1.041  1.000
 364 E   0.27278 0.69645 0.03078 ( 2)  0.032  0.031
 365 L   0.26603 0.67922 0.05475 ( 2)  0.057  0.055
 366 P   0.26649 0.68039 0.05312 ( 2)  0.055  0.053
 367 P   0.00001 0.00001 0.99998 ( 3)  1.041  1.000
 368 T   0.00000 0.00000 1.00000 ( 3)  1.041  1.000
 369 G   0.00000 0.00001 0.99998 ( 3)  1.041  1.000
 370 E   0.27127 0.69260 0.03613 ( 2)  0.038  0.036
 371 V   0.27215 0.69485 0.03300 ( 2)  0.034  0.033
 372 G   0.27381 0.69908 0.02711 ( 2)  0.028  0.027
 373 D   0.27496 0.70202 0.02302 ( 2)  0.024  0.023
 374 A   0.26943 0.68790 0.04267 ( 2)  0.044  0.043
 375 Y   0.26638 0.68011 0.05352 ( 2)  0.056  0.054
 376 K   0.00000 0.00001 0.99999 ( 3)  1.041  1.000
 377 I   0.00001 0.00002 0.99997 ( 3)  1.041  1.000
 378 N   0.00001 0.00003 0.99996 ( 3)  1.041  1.000
 379 N   0.27534 0.70298 0.02168 ( 2)  0.023  0.022
 380 D   0.27401 0.69958 0.02641 ( 2)  0.027  0.026
 381 L   0.22116 0.56466 0.21418 ( 2)  0.223  0.214
 382 Y   0.26638 0.68011 0.05352 ( 2)  0.056  0.054
 383 V   0.27277 0.69643 0.03080 ( 2)  0.032  0.031
 384 W   0.25420 0.64902 0.09678 ( 2)  0.101  0.097
 385 V   0.00000 0.00000 1.00000 ( 3)  1.041  1.000
 386 Q   0.00000 0.00000 1.00000 ( 3)  1.041  1.000
 387 D   0.27401 0.69958 0.02641 ( 2)  0.027  0.026
 388 A   0.00000 0.00000 1.00000 ( 3)  1.041  1.000
 389 T   0.00000 0.00000 1.00000 ( 3)  1.041  1.000
 390 E   0.00000 0.00000 1.00000 ( 3)  1.041  1.000
 391 W   0.25420 0.64902 0.09678 ( 2)  0.101  0.097
 392 M   0.00000 0.00000 1.00000 ( 3)  1.041  1.000
 393 N   0.27534 0.70298 0.02168 ( 2)  0.023  0.022
 394 V   0.27256 0.69589 0.03154 ( 2)  0.033  0.032
 395 G   0.26546 0.67777 0.05677 ( 2)  0.059  0.057
 396 S   0.27432 0.70040 0.02528 ( 2)  0.026  0.025
 397 L   0.21574 0.55082 0.23345 ( 2)  0.243  0.233
 398 G   0.27161 0.69347 0.03492 ( 2)  0.036  0.035
 399 G   0.27161 0.69347 0.03492 ( 2)  0.036  0.035
 400 I   0.00000 0.00000 1.00000 ( 3)  1.041  1.000
 401 S   0.26491 0.67637 0.05871 ( 2)  0.061  0.059
 402 I   0.27423 0.70015 0.02563 ( 2)  0.027  0.026
 403 T   0.27092 0.69169 0.03739 ( 2)  0.039  0.037
 404 A   0.27402 0.69961 0.02637 ( 2)  0.027  0.026
 405 K   0.27209 0.69469 0.03322 ( 2)  0.035  0.033
 406 G   0.27470 0.70136 0.02394 ( 2)  0.025  0.024
 407 H   0.26987 0.68902 0.04112 ( 2)  0.043  0.041
 408 V   0.27486 0.70176 0.02338 ( 2)  0.024  0.023
 409 P   0.00000 0.00001 0.99999 ( 3)  1.041  1.000
 410 N   0.26731 0.68249 0.05019 ( 2)  0.052  0.050
 411 S   0.00001 0.00001 0.99998 ( 3)  1.041  1.000
 412 E   0.27251 0.69577 0.03171 ( 2)  0.033  0.032
 413 A   0.27436 0.70049 0.02515 ( 2)  0.026  0.025
 414 L   0.25511 0.65135 0.09354 ( 2)  0.097  0.094
 415 P   0.26653 0.68050 0.05297 ( 2)  0.055  0.053
 416 V   0.27486 0.70176 0.02338 ( 2)  0.024  0.023
 417 Y   0.26379 0.67351 0.06270 ( 2)  0.065  0.063
 418 N   0.27534 0.70298 0.02168 ( 2)  0.023  0.022
 419 N   0.26330 0.67224 0.06446 ( 2)  0.067  0.064
 420 Y   0.26842 0.68531 0.04627 ( 2)  0.048  0.046
 421 G   0.27249 0.69572 0.03179 ( 2)  0.033  0.032
 422 D   0.27557 0.70359 0.02084 ( 2)  0.022  0.021
 423 A   0.27162 0.69349 0.03490 ( 2)  0.036  0.035
 424 Y   0.26111 0.66666 0.07223 ( 2)  0.075  0.072
 425 L   0.26084 0.66596 0.07320 ( 2)  0.076  0.073
 426 T   0.27447 0.70076 0.02478 ( 2)  0.026  0.025
 427 E   0.27251 0.69577 0.03171 ( 2)  0.033  0.032
 428 D   0.26458 0.67553 0.05989 ( 2)  0.062  0.060
 429 T   0.27229 0.69521 0.03250 ( 2)  0.034  0.032
 430 S   0.27432 0.70040 0.02528 ( 2)  0.026  0.025
 431 N   0.27534 0.70298 0.02168 ( 2)  0.023  0.022
 432 L   0.26773 0.68357 0.04870 ( 2)  0.051  0.049
 433 Y   0.25586 0.65325 0.09089 ( 2)  0.095  0.091
 434 I   0.26040 0.66484 0.07476 ( 2)  0.078  0.075
 435 Y   0.26889 0.68652 0.04459 ( 2)  0.046  0.045
 436 T   0.26637 0.68008 0.05355 ( 2)  0.056  0.054
 437 Y   0.26003 0.66389 0.07608 ( 2)  0.079  0.076
 438 D   0.27557 0.70359 0.02084 ( 2)  0.022  0.021
 439 Q   0.26243 0.67002 0.06755 ( 2)  0.070  0.068
 440 D   0.00000 0.00001 0.99999 ( 3)  1.041  1.000
 441 T   0.26088 0.66607 0.07305 ( 2)  0.076  0.073
 442 N   0.27504 0.70223 0.02272 ( 2)  0.024  0.023
 443 S   0.25600 0.65362 0.09038 ( 2)  0.094  0.090
 444 A   0.27091 0.69169 0.03740 ( 2)  0.039  0.037
 445 S   0.26912 0.68710 0.04378 ( 2)  0.046  0.044
 446 F   0.26900 0.68681 0.04418 ( 2)  0.046  0.044
 447 V   0.27486 0.70176 0.02338 ( 2)  0.024  0.023
 448 D   0.26458 0.67553 0.05989 ( 2)  0.062  0.060
 449 M   0.26778 0.68368 0.04854 ( 2)  0.051  0.049
 450 G   0.26875 0.68616 0.04510 ( 2)  0.047  0.045
 451 S   0.27432 0.70040 0.02528 ( 2)  0.026  0.025
 452 I   0.27423 0.70015 0.02563 ( 2)  0.027  0.026
 453 K   0.27209 0.69469 0.03322 ( 2)  0.035  0.033
 454 G   0.26805 0.68437 0.04758 ( 2)  0.050  0.048
 455 D   0.26458 0.67553 0.05989 ( 2)  0.062  0.060
 456 K   0.27209 0.69469 0.03322 ( 2)  0.035  0.033
 457 G   0.27257 0.69593 0.03150 ( 2)  0.033  0.032
 458 E   0.27116 0.69233 0.03651 ( 2)  0.038  0.037
 459 K   0.26587 0.67881 0.05532 ( 2)  0.058  0.055
 460 G   0.27438 0.70053 0.02509 ( 2)  0.026  0.025
 461 D   0.27557 0.70359 0.02084 ( 2)  0.022  0.021
 462 P   0.26810 0.68452 0.04738 ( 2)  0.049  0.047
 463 G   0.27070 0.69114 0.03816 ( 2)  0.040  0.038
 464 T   0.26038 0.66479 0.07483 ( 2)  0.078  0.075
 465 N   0.26767 0.68341 0.04892 ( 2)  0.051  0.049
 466 G   0.27470 0.70136 0.02394 ( 2)  0.025  0.024
 467 T   0.27447 0.70076 0.02478 ( 2)  0.026  0.025
 468 D   0.00001 0.00003 0.99995 ( 3)  1.041  1.000
 469 G   0.26082 0.66593 0.07325 ( 2)  0.076  0.073
 470 A   0.00000 0.00001 0.99999 ( 3)  1.041  1.000
 471 N   0.26330 0.67224 0.06446 ( 2)  0.067  0.064
 472 G   0.27438 0.70053 0.02509 ( 2)  0.026  0.025
 473 K   0.26342 0.67256 0.06401 ( 2)  0.067  0.064
 474 D   0.26458 0.67553 0.05989 ( 2)  0.062  0.060
 475 G   0.26048 0.66506 0.07446 ( 2)  0.077  0.074
 476 A   0.27091 0.69169 0.03740 ( 2)  0.039  0.037
 477 Q   0.25748 0.65738 0.08514 ( 2)  0.089  0.085
 478 W   0.25420 0.64902 0.09678 ( 2)  0.101  0.097
 479 F   0.26900 0.68681 0.04418 ( 2)  0.046  0.044
 480 V   0.27137 0.69287 0.03576 ( 2)  0.037  0.036
 481 A   0.27091 0.69169 0.03740 ( 2)  0.039  0.037
 482 T   0.27092 0.69169 0.03739 ( 2)  0.039  0.037
 483 T   0.27447 0.70076 0.02478 ( 2)  0.026  0.025
 484 N   0.27534 0.70298 0.02168 ( 2)  0.023  0.022
 485 P   0.26516 0.67701 0.05783 ( 2)  0.060  0.058
 486 V   0.26074 0.66571 0.07356 ( 2)  0.077  0.074
 487 A   0.00001 0.00001 0.99998 ( 3)  1.041  1.000
 488 G   0.27040 0.69039 0.03921 ( 2)  0.041  0.039
 489 D   0.26526 0.67726 0.05748 ( 2)  0.060  0.057
 490 G   0.27470 0.70136 0.02394 ( 2)  0.025  0.024
 491 V   0.27486 0.70176 0.02338 ( 2)  0.024  0.023
 492 I   0.26040 0.66484 0.07476 ( 2)  0.078  0.075
 493 N   0.27534 0.70298 0.02168 ( 2)  0.023  0.022
 494 D   0.27557 0.70359 0.02084 ( 2)  0.022  0.021
 495 Y   0.25586 0.65325 0.09089 ( 2)  0.095  0.091
 496 A   0.26055 0.66523 0.07422 ( 2)  0.077  0.074
 497 F   0.25704 0.65626 0.08671 ( 2)  0.090  0.087
 498 N   0.27534 0.70298 0.02168 ( 2)  0.023  0.022
 499 T   0.27447 0.70076 0.02478 ( 2)  0.026  0.025
 500 N   0.00000 0.00000 1.00000 ( 3)  1.041  1.000
 501 T   0.27447 0.70076 0.02478 ( 2)  0.026  0.025
 502 G   0.27040 0.69039 0.03921 ( 2)  0.041  0.039
 503 A   0.27091 0.69169 0.03740 ( 2)  0.039  0.037
 504 V   0.26130 0.66714 0.07155 ( 2)  0.074  0.072
 505 F   0.26900 0.68681 0.04418 ( 2)  0.046  0.044
 506 K   0.26342 0.67256 0.06401 ( 2)  0.067  0.064
 507 K   0.27209 0.69469 0.03322 ( 2)  0.035  0.033
 508 T   0.27092 0.69169 0.03739 ( 2)  0.039  0.037
 509 D   0.27557 0.70359 0.02084 ( 2)  0.022  0.021
 510 S   0.26912 0.68710 0.04378 ( 2)  0.046  0.044
 511 S   0.26912 0.68710 0.04378 ( 2)  0.046  0.044
 512 T   0.26013 0.66416 0.07571 ( 2)  0.079  0.076
 513 W   0.25420 0.64902 0.09678 ( 2)  0.101  0.097
 514 T   0.00001 0.00002 0.99998 ( 3)  1.041  1.000
 515 L   0.26773 0.68357 0.04870 ( 2)  0.051  0.049
 516 I   0.00001 0.00002 0.99997 ( 3)  1.041  1.000
 517 G   0.27037 0.69031 0.03932 ( 2)  0.041  0.039
 518 T   0.27447 0.70076 0.02478 ( 2)  0.026  0.025
 519 L   0.26773 0.68357 0.04870 ( 2)  0.051  0.049
 520 P   0.26908 0.68702 0.04390 ( 2)  0.046  0.044
 521 S   0.27432 0.70040 0.02528 ( 2)  0.026  0.025
 522 I   0.27162 0.69350 0.03487 ( 2)  0.036  0.035
 523 P   0.26516 0.67701 0.05783 ( 2)  0.060  0.058
 524 E   0.27278 0.69645 0.03078 ( 2)  0.032  0.031
 525 A   0.26055 0.66523 0.07422 ( 2)  0.077  0.074
 526 P   0.26908 0.68702 0.04390 ( 2)  0.046  0.044
 527 Q   0.26243 0.67002 0.06755 ( 2)  0.070  0.068
 528 D   0.26611 0.67941 0.05448 ( 2)  0.057  0.054
 529 G   0.26057 0.66527 0.07416 ( 2)  0.077  0.074
 530 L   0.25510 0.65132 0.09357 ( 2)  0.097  0.094
 531 T   0.26013 0.66416 0.07571 ( 2)  0.079  0.076
 532 Y   0.26889 0.68652 0.04459 ( 2)  0.046  0.045
 533 G   0.27470 0.70136 0.02394 ( 2)  0.025  0.024
 534 R   0.19181 0.48973 0.31846 ( 2)  0.331  0.318
 535 S   0.26912 0.68710 0.04378 ( 2)  0.046  0.044
 536 D   0.27557 0.70359 0.02084 ( 2)  0.022  0.021
 537 G   0.27070 0.69114 0.03816 ( 2)  0.040  0.038
 538 N   0.26368 0.67323 0.06309 ( 2)  0.066  0.063
 539 W   0.25420 0.64902 0.09678 ( 2)  0.101  0.097
 540 I   0.26040 0.66484 0.07476 ( 2)  0.078  0.075
 541 E   0.27278 0.69645 0.03078 ( 2)  0.032  0.031
 542 I   0.27162 0.69350 0.03487 ( 2)  0.036  0.035
 543 S   0.26335 0.67238 0.06427 ( 2)  0.067  0.064
 544 G   0.27070 0.69114 0.03816 ( 2)  0.040  0.038
 545 S   0.26335 0.67238 0.06427 ( 2)  0.067  0.064
 546 D   0.27548 0.70333 0.02119 ( 2)  0.022  0.021
 547 P   0.26908 0.68702 0.04390 ( 2)  0.046  0.044
 548 T   0.26160 0.66790 0.07050 ( 2)  0.073  0.071
 549 E   0.27278 0.69645 0.03078 ( 2)  0.032  0.031
 550 A   0.27436 0.70049 0.02515 ( 2)  0.026  0.025
 551 I   0.27162 0.69350 0.03487 ( 2)  0.036  0.035
 552 T   0.00001 0.00002 0.99998 ( 3)  1.041  1.000
 553 P   0.26489 0.67631 0.05880 ( 2)  0.061  0.059
 554 T   0.27447 0.70076 0.02478 ( 2)  0.026  0.025
 555 R   0.00000 0.00000 1.00000 ( 3)  1.041  1.000
 556 V   0.27486 0.70176 0.02338 ( 2)  0.024  0.023
 557 T   0.27092 0.69169 0.03739 ( 2)  0.039  0.037
 558 A   0.27091 0.69169 0.03740 ( 2)  0.039  0.037
 559 G   0.27470 0.70136 0.02394 ( 2)  0.025  0.024
 560 F   0.25704 0.65626 0.08671 ( 2)  0.090  0.087
 561 M   0.26778 0.68368 0.04854 ( 2)  0.051  0.049
 562 E   0.27278 0.69645 0.03078 ( 2)  0.032  0.031
 563 L   0.26773 0.68357 0.04870 ( 2)  0.051  0.049
 564 E   0.27278 0.69645 0.03078 ( 2)  0.032  0.031
 565 T   0.27092 0.69169 0.03739 ( 2)  0.039  0.037
 566 T   0.27414 0.69992 0.02595 ( 2)  0.027  0.026
 567 T   0.27447 0.70076 0.02478 ( 2)  0.026  0.025
 568 A   0.26055 0.66523 0.07422 ( 2)  0.077  0.074
 569 N   0.26330 0.67224 0.06446 ( 2)  0.067  0.064
 570 S   0.26912 0.68710 0.04378 ( 2)  0.046  0.044
 571 G   0.27070 0.69114 0.03816 ( 2)  0.040  0.038
 572 A   0.27091 0.69169 0.03740 ( 2)  0.039  0.037
 573 S   0.26912 0.68710 0.04378 ( 2)  0.046  0.044
 574 W   0.25420 0.64902 0.09678 ( 2)  0.101  0.097
 575 T   0.27447 0.70076 0.02478 ( 2)  0.026  0.025
 576 P   0.26908 0.68702 0.04390 ( 2)  0.046  0.044
 577 S   0.26912 0.68710 0.04378 ( 2)  0.046  0.044
 578 G   0.27070 0.69114 0.03816 ( 2)  0.040  0.038
 579 T   0.27447 0.70076 0.02478 ( 2)  0.026  0.025
 580 S   0.25600 0.65362 0.09038 ( 2)  0.094  0.090
 581 N   0.27534 0.70298 0.02168 ( 2)  0.023  0.022
 582 M   0.26778 0.68368 0.04854 ( 2)  0.051  0.049
 583 Y   0.26889 0.68652 0.04459 ( 2)  0.046  0.045
 584 V   0.27486 0.70176 0.02338 ( 2)  0.024  0.023
 585 V   0.27486 0.70176 0.02338 ( 2)  0.024  0.023
 586 T   0.27092 0.69169 0.03739 ( 2)  0.039  0.037
 587 V   0.27137 0.69287 0.03576 ( 2)  0.037  0.036
 588 T   0.27447 0.70076 0.02478 ( 2)  0.026  0.025
 589 D   0.26540 0.67761 0.05698 ( 2)  0.059  0.057
 590 A   0.27436 0.70049 0.02515 ( 2)  0.026  0.025
 591 L   0.25307 0.64614 0.10079 ( 2)  0.105  0.101
 592 T   0.27092 0.69169 0.03739 ( 2)  0.039  0.037
 593 V   0.27486 0.70176 0.02338 ( 2)  0.024  0.023
 594 G   0.27070 0.69114 0.03816 ( 2)  0.040  0.038
 595 A   0.27091 0.69169 0.03740 ( 2)  0.039  0.037
 596 W   0.25420 0.64902 0.09678 ( 2)  0.101  0.097
 597 P   0.26908 0.68702 0.04390 ( 2)  0.046  0.044
 598 G   0.27470 0.70136 0.02394 ( 2)  0.025  0.024
 599 V   0.26164 0.66801 0.07035 ( 2)  0.073  0.070
 600 T   0.27447 0.70076 0.02478 ( 2)  0.026  0.025
 601 G   0.26048 0.66506 0.07446 ( 2)  0.077  0.074
 602 S   0.26912 0.68710 0.04378 ( 2)  0.046  0.044
 603 T   0.27092 0.69169 0.03739 ( 2)  0.039  0.037
 604 K   0.27192 0.69427 0.03381 ( 2)  0.035  0.034
 605 P   0.26908 0.68702 0.04390 ( 2)  0.046  0.044
 606 K   0.27209 0.69469 0.03322 ( 2)  0.035  0.033
 607 A   0.26032 0.66465 0.07502 ( 2)  0.078  0.075
 608 F   0.26900 0.68681 0.04418 ( 2)  0.046  0.044
 609 S   0.26335 0.67238 0.06427 ( 2)  0.067  0.064
 610 A   0.27091 0.69169 0.03740 ( 2)  0.039  0.037
 611 M   0.26778 0.68368 0.04854 ( 2)  0.051  0.049
 612 I   0.27423 0.70015 0.02563 ( 2)  0.027  0.026
 613 Y   0.26889 0.68652 0.04459 ( 2)  0.046  0.045
 614 L   0.25510 0.65132 0.09357 ( 2)  0.097  0.094
 615 I   0.27423 0.70015 0.02563 ( 2)  0.027  0.026
 616 Q   0.26243 0.67002 0.06755 ( 2)  0.070  0.068
 617 D   0.27557 0.70359 0.02084 ( 2)  0.022  0.021
 618 T   0.27092 0.69169 0.03739 ( 2)  0.039  0.037
 619 T   0.26013 0.66416 0.07571 ( 2)  0.079  0.076
 620 G   0.27070 0.69114 0.03816 ( 2)  0.040  0.038
 621 H   0.25777 0.65813 0.08410 ( 2)  0.088  0.084
 622 T   0.26013 0.66416 0.07571 ( 2)  0.079  0.076
 623 V   0.27486 0.70176 0.02338 ( 2)  0.024  0.023
 624 T   0.27092 0.69169 0.03739 ( 2)  0.039  0.037
 625 L   0.26036 0.66474 0.07490 ( 2)  0.078  0.075
 626 D   0.27557 0.70359 0.02084 ( 2)  0.022  0.021
 627 A   0.26032 0.66465 0.07502 ( 2)  0.078  0.075
 628 S   0.26912 0.68710 0.04378 ( 2)  0.046  0.044
 629 Y   0.26889 0.68652 0.04459 ( 2)  0.046  0.045
 630 G   0.27070 0.69114 0.03816 ( 2)  0.040  0.038
 631 A   0.27091 0.69169 0.03740 ( 2)  0.039  0.037
 632 L   0.26021 0.66437 0.07542 ( 2)  0.078  0.075
 633 N   0.27534 0.70298 0.02168 ( 2)  0.023  0.022
 634 D   0.27557 0.70359 0.02084 ( 2)  0.022  0.021
 635 T   0.27092 0.69169 0.03739 ( 2)  0.039  0.037
 636 E   0.27278 0.69645 0.03078 ( 2)  0.032  0.031
 637 I   0.27162 0.69350 0.03487 ( 2)  0.036  0.035
 638 A   0.27091 0.69169 0.03740 ( 2)  0.039  0.037
 639 T   0.27447 0.70076 0.02478 ( 2)  0.026  0.025
 640 T   0.27447 0.70076 0.02478 ( 2)  0.026  0.025
 641 A   0.27436 0.70049 0.02515 ( 2)  0.026  0.025
 642 N   0.26330 0.67224 0.06446 ( 2)  0.067  0.064
 643 A   0.27091 0.69169 0.03740 ( 2)  0.039  0.037
 644 V   0.27137 0.69287 0.03576 ( 2)  0.037  0.036
 645 T   0.27092 0.69169 0.03739 ( 2)  0.039  0.037
 646 I   0.27423 0.70015 0.02563 ( 2)  0.027  0.026
 647 L   0.25510 0.65132 0.09357 ( 2)  0.097  0.094
 648 Q   0.26243 0.67002 0.06755 ( 2)  0.070  0.068
 649 L   0.26084 0.66596 0.07320 ( 2)  0.076  0.073
 650 T   0.26013 0.66416 0.07571 ( 2)  0.079  0.076
 651 Y   0.26889 0.68652 0.04459 ( 2)  0.046  0.045
 652 P   0.26908 0.68702 0.04390 ( 2)  0.046  0.044
 653 G   0.27470 0.70136 0.02394 ( 2)  0.025  0.024
 654 V   0.26053 0.66518 0.07428 ( 2)  0.077  0.074
 655 G   0.27470 0.70136 0.02394 ( 2)  0.025  0.024
 656 D   0.00001 0.00003 0.99996 ( 3)  1.041  1.000
 657 I   0.00000 0.00001 0.99999 ( 3)  1.041  1.000
 658 V   0.26053 0.66518 0.07428 ( 2)  0.077  0.074
 659 D   0.26458 0.67553 0.05989 ( 2)  0.062  0.060
 660 M   0.26778 0.68368 0.04854 ( 2)  0.051  0.049
 661 V   0.27486 0.70176 0.02338 ( 2)  0.024  0.023
 662 V   0.27486 0.70176 0.02338 ( 2)  0.024  0.023
 663 V   0.27137 0.69287 0.03576 ( 2)  0.037  0.036
 664 T   0.27092 0.69169 0.03739 ( 2)  0.039  0.037
 665 R   0.25833 0.65955 0.08212 ( 2)  0.085  0.082

Positively selected sites

	Prob(w>1)  mean w

    64 T      1.000**       1.041
    92 M      1.000**       1.041
   173 S      1.000**       1.041
   191 V      1.000**       1.041
   206 T      1.000**       1.041
   247 N      1.000**       1.041
   258 N      1.000**       1.041
   318 I      1.000**       1.041
   324 P      1.000**       1.041
   331 Q      1.000**       1.041
   333 E      1.000**       1.041
   334 R      1.000**       1.041
   340 L      1.000**       1.041
   342 P      1.000**       1.041
   345 P      1.000**       1.041
   346 V      1.000**       1.041
   348 A      1.000**       1.041
   349 T      1.000**       1.041
   351 S      1.000**       1.041
   354 E      1.000**       1.041
   355 I      1.000**       1.041
   356 I      1.000**       1.041
   358 V      1.000**       1.041
   360 N      1.000**       1.041
   361 S      1.000**       1.041
   362 E      1.000**       1.041
   363 A      1.000**       1.041
   367 P      1.000**       1.041
   368 T      1.000**       1.041
   369 G      1.000**       1.041
   376 K      1.000**       1.041
   377 I      1.000**       1.041
   378 N      1.000**       1.041
   385 V      1.000**       1.041
   386 Q      1.000**       1.041
   388 A      1.000**       1.041
   389 T      1.000**       1.041
   390 E      1.000**       1.041
   392 M      1.000**       1.041
   400 I      1.000**       1.041
   409 P      1.000**       1.041
   411 S      1.000**       1.041
   440 D      1.000**       1.041
   468 D      1.000**       1.041
   470 A      1.000**       1.041
   487 A      1.000**       1.041
   500 N      1.000**       1.041
   514 T      1.000**       1.041
   516 I      1.000**       1.041
   552 T      1.000**       1.041
   555 R      1.000**       1.041
   656 D      1.000**       1.041
   657 I      1.000**       1.041


lnL = -4053.226606
